  1     2.7152E-34     -9.3853721387694589E-01     -1.9165595957514652E+00     -1.0244699233756560E+00      5.5844241095174563E-01      1.0244699233729067E+00      5.5844241095123548E-01      0.0000000000000000E+00      2.7162343695864544E+00      9.3853721387430800E-01     -1.9165595957504018E+00
  2     3.5027E-34      0.0000000000000000E+00     -2.7521830509379885E+00      0.0000000000000000E+00      1.1050514288130040E+00      1.1322663500534167E+00     -6.6818431804929534E-01      0.0000000000000000E+00      2.9835002582030183E+00     -1.1322663500562007E+00     -6.6818431804785217E-01
  3     3.8673E-34     -5.9461710419020541E-01      5.0625904668390287E-01     -1.8684772473434168E+00      5.6819709997853762E-01      1.8684772473329230E+00      5.6819709997753687E-01      5.9461710417817604E-01      5.0625904668337540E-01      0.0000000000000000E+00     -2.1489122933275384E+00
  4     4.5242E-34      0.0000000000000000E+00      0.0000000000000000E+00     -8.0100810902259734E-01     -2.2679161495646891E+00     -1.1002969511647909E+00      1.6510263201722772E+00      1.1002969511629359E+00     -1.6510263201770448E+00      8.0100810902041564E-01      2.2679161495580087E+00
  5     5.0288E-34     -9.8449938122198044E-01      1.9562470245164469E+00      9.8449938121937175E-01      1.9562470245164043E+00      0.0000000000000000E+00      0.0000000000000000E+00     -9.8449938122254854E-01     -1.9562470245216825E+00      9.8449938121994029E-01     -1.9562470245216377E+00
  6     7.0004E-34     -6.7902697758738051E-01      0.0000000000000000E+00     -3.0401218963133253E-01      1.5282730522471639E+00     -3.0401218962649984E-01     -1.5282730522610828E+00      6.4352567841872776E-01      2.8847292172349110E+00      6.4352567842373520E-01     -2.8847292172459409E+00
  7     7.9725E-34      3.4255146410764475E-01      1.4918779900738517E+00      3.4255146410091242E-01     -1.4918779900838151E+00     -8.7924214927489608E-01      2.5706215101410796E+00      1.0733813703421109E+00      0.0000000000000000E+00     -8.7924214928122080E-01     -2.5706215101478631E+00
  8     1.0636E-33      9.1023417363225423E-01     -1.1195292759533979E+00     -3.7040905363214632E-01     -2.7157458652686439E+00     -3.7040905362824339E-01      2.7157458652637585E+00      9.1023417363301518E-01      1.1195292759437228E+00     -1.0796502400085832E+00      0.0000000000000000E+00
  9     1.8645E-33      0.0000000000000000E+00      3.1976651256928741E+00      0.0000000000000000E+00     -1.5082896750636892E+00      0.0000000000000000E+00     -3.1976651257081987E+00      0.0000000000000000E+00      0.0000000000000000E+00      0.0000000000000000E+00      1.5082896750464718E+00
 10     1.9895E-33      0.0000000000000000E+00      2.4995273733508530E+00      0.0000000000000000E+00      0.0000000000000000E+00      1.5814376889194235E+00      0.0000000000000000E+00      0.0000000000000000E+00     -2.4995273733548125E+00     -1.5814376889258315E+00      0.0000000000000000E+00
 11     2.4493E-33      0.0000000000000000E+00     -2.9578786389612188E-01      0.0000000000000000E+00      3.0881700360201001E+00     -1.0107783548257541E+00     -2.0612967644050246E+00      0.0000000000000000E+00      1.3302113566601277E+00      1.0107783548230893E+00     -2.0612967644050668E+00
 12     6.5858E-32      1.6124875951402169E-02     -1.0997826102755455E+00      8.5576364892993961E-01      1.9554816901364060E+00     -8.6871806480186919E-01      1.4817728969166502E+00     -1.5042624072602311E+00     -1.0449040565029057E+00      1.5010919471691690E+00     -1.2925679202814071E+00
 13     2.7642E-31      0.0000000000000000E+00     -1.1155655026265032E+00      0.0000000000000000E+00      2.7973012389302716E+00      0.0000000000000000E+00      9.6020753321380659E-01     -1.5178068890025642E+00     -1.3209716347683618E+00      1.5178068889963101E+00     -1.3209716347634020E+00
 14     7.0829E-26     -8.9576563360070172E-01     -1.7014743331441029E+00      8.9576563360277284E-01     -1.7014743330278030E+00     -1.5056062581375456E+00      1.1592124683505305E+00      0.0000000000000000E+00      1.0845237295268702E+00      1.5056062581315004E+00      1.1592124682882157E+00
 15     2.5244E-22      9.5392614886891969E-01      0.0000000000000000E+00      2.0223809983825123E+00      0.0000000000000000E+00     -2.0223809983536611E+00      0.0000000000000000E+00      0.0000000000000000E+00      0.0000000000000000E+00     -9.5392614891717897E-01      0.0000000000000000E+00
