  1     3.8999E-34      0.0000000000000000E+00     -1.8894743576300694E+00      1.5266369015804584E+00      2.4030659854766573E-01     -1.5266369015869723E+00      2.4030659852187464E-01      0.0000000000000000E+00      1.7032790851079962E+00      0.0000000000000000E+00     -2.9441792455740173E-01
  2     5.1231E-34      1.0667502355672371E+00      1.3048198797692463E+00     -1.0667502355734264E+00      1.3048198797614168E+00     -1.0667502355761880E+00     -1.3048198797645536E+00      1.0667502355699985E+00     -1.3048198797723831E+00      0.0000000000000000E+00      0.0000000000000000E+00
  3     6.8670E-34      1.5147307866766988E+00      0.0000000000000000E+00     -6.3448474321011095E-01      1.9527948962749879E+00     -1.2288065013211899E-01     -6.9317967806290381E-01     -6.3448474321102399E-01     -1.9527948962839026E+00     -1.2288065012899352E-01      6.9317967805347214E-01
  4     1.0285E-33      0.0000000000000000E+00     -6.3810774942281945E-01     -9.0466655213047453E-01      1.2389238763887898E+00      1.4539020862220244E+00     -9.1987000167801070E-01      9.0466655212607106E-01      1.2389238763901638E+00     -1.4539020862257759E+00     -9.1987000168445843E-01
  5     1.3112E-33      0.0000000000000000E+00      1.6010178504320056E+00     -5.9593816656141940E-01     -3.0501873140621433E-01      1.8299499642688104E+00     -4.9549019381075926E-01     -1.8299499642781369E+00     -4.9549019381623466E-01      5.9593816654992593E-01     -3.0501873140316671E-01
  6     6.3196E-32     -4.9691943694120921E-01      1.6584790348489087E+00      1.0947160922824417E+00      8.9408046412216235E-01     -1.1955933106080481E+00      0.0000000000000000E+00      1.0947160922625325E+00     -8.9408046418685549E-01     -4.9691943700205760E-01     -1.6584790348210829E+00
  7     2.9901E-31      0.0000000000000000E+00     -1.7717600160032230E+00      0.0000000000000000E+00      0.0000000000000000E+00      1.5775592402629832E+00      0.0000000000000000E+00     -1.5775592402697787E+00      0.0000000000000000E+00      0.0000000000000000E+00      1.7717600160051745E+00
  8     9.3716E-29     -8.7644629325933221E-01     -1.3289623634485692E+00     -1.1811254688924795E+00      4.3786317421713916E-01      8.7644629338184266E-01     -1.3289623632797021E+00      0.0000000000000000E+00      1.7821983780940072E+00      1.1811254688741504E+00      4.3786317440679123E-01
  9     9.5583E-23      9.5392614888829397E-01      0.0000000000000000E+00     -9.5392614891186689E-01      0.0000000000000000E+00     -2.0223809983552457E+00      0.0000000000000000E+00      0.0000000000000000E+00      0.0000000000000000E+00      2.0223809983499064E+00      0.0000000000000000E+00
 10     6.7582E-31      0.0000000000000000E+00      0.0000000000000000E+00      0.0000000000000000E+00      1.0665218572165454E+00      0.0000000000000000E+00     -1.0665218572337596E+00      0.0000000000000000E+00     -2.2610906943543547E+00      0.0000000000000000E+00      2.2610906943390270E+00
