*** NUMBER OF MASSES AND MASSES ***
N = 11
M = 1.0000E-01

*** SX and SY ***
(SX,SY) = diagonal elements of the S matrix

SX =    1.0000E+00
SY =    1.0000E+00

*** COORDINATES ***
IS   = solution counter
FCT  = objective function at the solution
FCT0 = objective function at the rotated solution for testing purposes
(X1,Y1) = X and Y coordinates of each point mass
  
IS        FCT             FCT0                 X1                          Y1...
  1     1.2456E-31     3.4369E-22      6.8048818645231324E-01     -7.0866754921337127E-01     -9.3660684225102497E-01     -6.8830071752426547E-01     -2.6098760071787630E-01     -5.4713547543324592E-01      5.4455619896451854E-02     -1.1610447192739362E+00      9.7897892921578056E-01     -8.2910333134511557E-02     -6.8048818646318432E-01      7.0866754919190256E-01      0.0000000000000000E+00      0.0000000000000000E+00     -5.4455619921768533E-02      1.1610447192704436E+00      9.3660684226038016E-01      6.8830071750233635E-01      2.6098760072297411E-01      5.4713547544977459E-01     -9.7897892923024332E-01      8.2910333114212004E-02
  2     1.6732E-31     3.7342E-22      0.0000000000000000E+00      0.0000000000000000E+00     -1.2110941231837211E-01      5.5992995539983115E-01      1.2110941230674162E-01     -5.5992995541754265E-01     -9.2763225657245163E-01      5.2507050180080361E-01      9.3707790648588685E-01      2.0268419906661997E-01     -6.2772869827104127E-01     -8.6148552899449427E-01      6.2772869826469435E-01      8.6148552898493813E-01      2.5720421466450749E-01     -1.1891424596300479E+00     -9.3707790649732348E-01     -2.0268419906969687E-01      9.2763225656790094E-01     -5.2507050179497183E-01     -2.5720421464067672E-01      1.1891424596242501E+00
  3     2.4650E-31     1.0901E-22      2.7196759703133211E-01     -1.0838157384847793E+00     -2.7196759704113166E-01      1.0838157384769580E+00     -6.4663066533404256E-01     -3.5713527825884739E-01     -4.9899928920340925E-01     -9.9981130129700413E-01      5.5454321617678981E-01     -4.8801500562925459E-01      6.4663066533303193E-01      3.5713527825410646E-01      0.0000000000000000E+00      0.0000000000000000E+00      4.9899928919405984E-01      9.9981130129144546E-01      1.1810336991685919E+00     -1.2868525610004317E-01     -5.5454321618246627E-01      4.8801500561871858E-01     -1.1810336991750670E+00      1.2868525609379075E-01
  4     5.6112E-31     9.8239E-23      3.0214274144099829E-01     -1.1232549897826078E+00     -4.5241206178569765E-01     -9.7780825564301288E-02      2.7592901643479989E-01      8.5685344389958473E-01      1.3676623870300010E-02     -4.6265615034593049E-01      7.6556593846224663E-01      4.7354349355875530E-01      1.2167547711096238E+00     -1.0811740080786444E-01     -3.9703028224597203E-01      1.1552266013020172E+00     -6.8526121060307588E-01     -8.7534693438617883E-01     -1.1629408090631899E+00      2.3678743591196261E-02     -4.9627728092484757E-01      5.1580549212975824E-01      6.1985255327054500E-01     -3.5795147362703850E-01
  5     7.0686E-31     5.0985E-23      8.4075206696988508E-02      1.0266892586421068E+00      6.7711142501740473E-01     -7.7632441183646483E-01     -7.0701458587938373E-02     -1.1350322196043763E+00      3.9988835033887238E-01      1.3152882814371225E-01      8.2833563382068864E-01      7.4178195595826946E-01      1.1069344754274932E+00     -1.0524475949665016E-01     -7.3066216260127304E-01      8.7145260333129082E-01     -1.0681458782794979E+00      6.4105944692632130E-02     -3.1530356883572935E-01      2.7585594991788354E-01     -8.9991309566396796E-02     -4.0916306019301507E-01     -8.2154071346274526E-01     -6.8565008958759932E-01
  6     2.3361E-30     5.7386E-26     -3.4005402708510123E-02     -1.0920996762672306E+00      7.3193050544372792E-02      1.0901746865267363E+00      7.6781789278823553E-01      7.1218356725578413E-01     -1.8849528894954909E-01      3.7599869955319215E-01      1.1394396209761017E+00     -5.5971956257517205E-02      6.9432147583660742E-01     -7.8400729440234951E-01     -7.7281729086825424E-01      8.2047095067997677E-01     -8.4950953561503806E-01     -7.4077843824397771E-01     -2.2443875856356563E-01     -3.5571440748827332E-01     -1.0226339918105820E+00      5.0234188689232219E-02      4.1712822833793833E-01     -2.0490320077721714E-02
  7     2.9506E-30     8.7897E-22     -4.5661967279732574E-01     -4.7120027392154695E-01      7.5553602282022103E-01      9.9017975698999527E-01     -2.4355328764476974E-01      9.8845236745079457E-01      0.0000000000000000E+00      0.0000000000000000E+00      2.4355328764227038E-01     -9.8845236746332876E-01     -6.2326368189795656E-01      2.0511851826118696E-01     -1.1290748395532006E+00      5.2581426344149551E-01     -7.5553602287038235E-01     -9.9017975698011584E-01      1.1290748395702954E+00     -5.2581426342242021E-01      4.5661967278447152E-01      4.7120027390075275E-01      6.2326368190765802E-01     -2.0511851826557995E-01
  8     6.7284E-30     2.0589E-26     -2.6862652394231684E-01      5.9312492109873949E-01     -1.1097181346074076E+00     -1.7134137866744051E-01      1.1645707486631343E+00      2.9467815526205376E-02     -5.1289793442967058E-01     -4.7362945994077715E-01      6.8612847508410413E-01      6.3359712973876614E-01      5.6989698601093086E-01     -3.1492031806363169E-01     -2.5900363405398014E-01     -1.0925883597530015E+00     -9.4141047489389496E-01      6.2614688661303319E-01      1.2193881487808909E-01      1.1585440458693914E+00      5.4933921156521537E-01     -9.8820040300174739E-01     -2.1753430631108719E-04     -2.0087945202135351E-04
  9     1.4816E-29     6.1386E-21      4.2827006299186043E-01     -8.9668509687677433E-01      9.0653682346839759E-01      2.0480212495372060E-02     -3.8733849810678106E-01     -9.1511108489695858E-01     -4.4662354564507112E-01     -1.0089987394541065E-02     -4.2827006298538550E-01      8.9668509687783859E-01     -1.4150110980864978E+00     -3.1967513317954381E-02      3.8733849811433863E-01      9.1511108489074133E-01      1.4150110980621067E+00      3.1967513311132394E-02      0.0000000000000000E+00      0.0000000000000000E+00      4.4662354561229756E-01      1.0089987392799246E-02     -9.0653682349728393E-01     -2.0480212499527823E-02
 10     1.7330E-29     5.5062E-27     -4.3481274706841411E-01      6.6749521581032667E-01      8.9130246762902626E-02      1.1221817492487103E+00      1.1255439517699939E+00     -1.9669567087775473E-02     -1.0480993418046676E+00      3.9072032846018179E-01     -9.9768839102626350E-01     -3.7723764650446445E-01     -4.7183330106034088E-01     -9.5658962127942282E-01      8.0838013003666842E-01      7.3373497375579178E-01      2.5879202365462611E-01      2.3489538105754831E-01     -2.3945756907083909E-01     -2.1734625410703348E-01      2.8766564018287527E-01     -1.0809362075638052E+00      6.2237935758486163E-01     -4.9724835182772104E-01
 11     3.9208E-29     6.6760E-23     -2.5982591232271224E-01      1.0797361138020409E+00     -1.0322562929884826E+00      5.3743618705008933E-01     -9.9796131923548015E-01     -4.5228080880802279E-01      7.6283048956715238E-01      8.4976781165786153E-01     -1.7448515656116770E-01     -4.6187144990826301E-01     -4.6233121658934789E-01      1.7326324556543957E-01      1.1418559097421728E+00      1.3445109095637724E-02      4.7994061778509195E-01     -1.8411506091593230E-01      6.4064001639729506E-01     -9.0714935349016668E-01      1.7793327054183217E-01      4.8226663112536117E-01     -2.7634040636981294E-01     -1.1304984252072456E+00
 12     9.4388E-29     9.7469E-23     -9.4276158616170280E-01     -6.8749531418002474E-01      4.1193366639625767E-01      3.0039669581470457E-01     -6.7214725236313569E-02     -1.1000263902470855E+00      2.9217088233601651E-01     -4.1389254510935969E-01      8.9359914699041343E-01     -7.3243333291248969E-01      4.9574243188369066E-01      1.0080189946059428E+00     -4.2423460104905242E-01      1.0747106707908334E+00     -3.0477617658238565E-01      4.0470031575745652E-01     -3.9784186838377367E-01     -2.9012045499258177E-01     -1.0679228827730638E+00      2.7224363167386084E-01      1.1113057125467802E+00      1.6389772876558564E-01
 13     3.7953E-28     7.9449E-23      3.7175348724648294E-01     -1.0967039324733314E-01     -1.2242186102094172E+00     -2.1211827400723405E-02      1.1090754948452080E+00      2.2600111478389980E-02     -1.1000720495905401E-01      3.7165395906951348E-01      7.4950473743575807E-01     -7.6713380413954668E-01      7.2065500098444568E-01      7.2130830373425114E-01      2.1595136374244529E-02      1.1090955181543023E+00     -2.0102518313496815E-02     -1.2242373282832832E+00     -2.1532819904291847E-01     -6.3531006297862358E-01     -7.6781263742351347E-01      7.4880930730394801E-01     -6.3511468696646889E-01     -2.1590378371961372E-01
 14     8.9031E-28     1.9477E-25     -4.5300663342808167E-01     -1.0259409779390174E+00      5.9118011756514421E-01      5.4420023672086459E-01     -4.5639270412367355E-01      2.1950543046176545E-02     -2.0208724777183656E-01      6.3865589033282855E-01     -1.0598588885354931E+00     -3.6670019980583890E-01      1.1981427977655970E+00      1.0228999022275292E-01      5.4071547379719365E-01     -1.0116950267267339E+00      2.0092458517568731E-01      1.1855963550081108E+00     -9.6356553316882498E-01      6.2244800104016329E-01     -1.5829262589776828E-02     -4.5664599106882664E-01      6.1977729527780012E-01     -2.5415882086645591E-01
 15     8.9168E-28     1.0375E-22     -1.0872120053401604E+00     -1.2970113146476084E-01     -3.5190617876560948E-01      7.5688501797463795E-02      8.5044400666762687E-01     -7.6202267837550242E-01      3.9324179233354556E-01      1.0471312095798662E+00      5.6738582420064479E-02     -1.0934500726240275E+00      7.6771346370829319E-01     -4.3113323772079888E-02     -6.6038906846995982E-01     -7.8386852712593813E-01     -1.7280914160320293E-01      7.4925277552031555E-01      1.3432708050465694E-01     -3.3395051040406998E-01     -8.9532847114102487E-01      7.0874572281029824E-01      9.6517993965091053E-01      5.6528803402334127E-01
 16     1.1701E-27     6.8448E-23     -2.7675505297344349E-01      1.1567741992637730E+00      9.5449844371914550E-01      7.0968487961997295E-01     -1.1024646919452441E+00      9.4910674487043184E-02     -9.1364571990783794E-01     -6.5640726498006463E-01      2.4009544788017764E-01      6.6120648997187592E-01     -1.9829865803805736E-02     -5.4610098107636222E-02     -2.5108979418149829E-01     -6.9148416990246875E-01      2.7960516551752901E-01     -1.0896971829055859E+00     -5.7548059456633360E-01      4.9430846472792134E-01      9.0650164160554647E-01     -6.3457955125992915E-01      7.5856502062119757E-01      9.8935590494838264E-03
 17     1.8575E-27     1.7289E-23     -1.5530117258202910E-02      6.8920578869150539E-01     -1.1937624657985979E-01     -3.7160190850117281E-01     -4.5641018654602000E-01      1.1129124890165247E+00      5.4924533787704288E-01     -2.8308993721739040E-01      1.0114434464086963E+00     -6.9391065139548191E-01     -6.6432417731776050E-01     -2.5062881324613543E-02     -8.1895148147847197E-01     -7.7412253934289144E-01      4.5784111715295123E-01      3.4245761313284856E-01      7.4284079059385208E-02     -1.0943018028315810E+00     -1.0541847786963376E+00      4.7600594412854491E-01      1.0359630073487369E+00      6.2150788561589299E-01
 18     1.9577E-27     1.3376E-23      1.9818141725553395E-01     -1.0609068395826058E+00     -2.2639749326861500E-01      2.2324549845246483E-01      9.4429712427423484E-01      3.6432693963015288E-02      1.8119981027402318E-01      9.2746483968852633E-01     -9.3877709921668018E-01     -3.5483560421200028E-01     -4.9496727797537837E-01     -8.7305105335473498E-01      1.8577837662696800E-01     -2.5803250244124804E-01      8.2816032144050888E-01      7.0925265702742679E-01     -1.0178163704251688E+00      3.5895547427416424E-01     -5.3918364289006682E-01      9.7401635119531227E-01      8.7952483387545610E-01     -6.8254151504075100E-01
 19     2.0728E-27     2.4248E-24      7.4683296374940533E-01      1.7636059980438021E-01     -1.0093434948209539E+00     -4.4315450135551393E-01     -3.5145356842943859E-01     -9.6934249367069791E-01      1.2999261718150010E+00      2.5165389501922003E-01     -3.2110729365002638E-01     -1.8092257906597795E-01      2.2232850029374115E-01      3.4974820254720129E-01     -1.5394211791592277E-01      7.2772597316761467E-01      5.0233698042004227E-01     -1.0736542751765321E+00      4.3887353254817735E-01     -4.4347111138545520E-01     -4.2958193110689413E-01      1.2262263120972401E+00     -9.4486974293787840E-01      3.7882997798741291E-01
 20     2.1746E-27     8.6763E-23     -4.0019145707741732E-01      4.3654957109407966E-01     -7.1991985507558920E-01     -8.3453259886270803E-01      4.9052339567642894E-01     -3.3183659929737003E-01     -3.9321060043335146E-02     -9.0299296294908704E-01      1.1488853907237183E-01      1.3317903432778508E-01     -5.9237974533331350E-02      1.1039761630646565E+00     -8.8746091653756753E-01     -1.7133463899341894E-01     -1.0370441414015350E+00      6.2413248861337800E-01      7.6948273143705470E-01     -9.3429023358675156E-01      1.1007259909167617E+00      1.0331891967182630E-01      6.6755474753597421E-01      7.7383085688911779E-01
 21     2.3062E-27     3.2353E-26      1.2376486125588031E+00      4.1885382473470262E-02     -1.2848492469292411E-01     -1.0430459088922357E+00      4.1009646532130614E-02     -8.6017176949519436E-02     -5.0849565657904705E-01     -3.3135938273551596E-01      6.3090732815954187E-01      7.8402070027969262E-01     -8.7905326127350567E-02      1.1508467240568820E+00     -1.0393418258726645E+00      4.0554231268745722E-01      6.1866389006527578E-01     -2.2062335013447676E-02      6.4501238594831567E-01     -8.3142444127866755E-01     -3.3812691905429171E-01      5.3191652216235352E-01     -1.0708872109833685E+00     -6.0030239682366793E-01
 22     2.8241E-27     1.4287E-23     -9.6962229663951172E-01     -3.7251443152606040E-01     -4.7495923029674247E-01     -9.2376843927025853E-01     -1.0220713592898136E+00      4.2019714410392556E-01      9.8153356779298839E-01     -5.6117369821512630E-01     -3.2006160417191742E-01      1.5777202851702024E-01      7.5330538599554264E-01      1.0262403888210037E-01      3.0746543486027644E-01     -1.0614426549565152E+00      1.8330445637579246E-01      7.3783478787523082E-01      1.2231721840000738E-01     -3.3521626083909922E-01     -4.5199288960952766E-01      1.0363524940936573E+00      8.9078131655231396E-01      7.9933499130403052E-01
 23     3.9591E-27     5.8877E-23      7.4517340332310100E-01     -9.0307440860831723E-01      2.8407830760306279E-03     -2.6394816436315260E-02     -1.2660958910526882E-01      1.1763787568546993E+00      7.6912461169297619E-02     -7.1462348235121276E-01     -5.3594404282714803E-01     -1.0409566616702188E+00      3.5586138397579864E-01      6.3285575093963498E-01     -8.0324157918340366E-01     -3.5066935087712092E-01      1.0386328140579058E+00      5.4452121046718516E-01     -4.8237584866885996E-01      5.4263916807650170E-01      8.5946433347288198E-01     -1.7171804699702470E-01     -1.1307141193237911E+00      3.1104188056777726E-01
 24     4.1143E-27     1.5005E-22     -7.9732440772863655E-01      7.3894877805298698E-01     -6.1682233309476053E-01     -9.1069524516747935E-01      1.1548600899696266E+00      3.3652122834951431E-01      1.2921493320771122E-02     -8.3782237659137754E-02     -5.7181010121760656E-01     -1.5673566785853382E-01     -1.2208687897558451E-01      7.9160447244863430E-01      5.9246248933078838E-01      2.2826742142747658E-02     -1.2025872368239383E+00     -2.7061086418742254E-02      5.3763907413881928E-01      9.4483635286116163E-01      1.5020583271574939E-01     -9.7392619067026254E-01      8.6254197831764212E-01     -6.8253714610963101E-01
 25     7.0200E-27     3.9810E-23      9.8060427434071762E-01      4.2430236412065681E-01     -1.0608424491103559E+00      6.2527402586012870E-01      6.0821979429252604E-01     -1.0707114415567898E+00     -8.6416603899073907E-01     -8.5044768096273948E-01      9.2556479537235015E-01     -3.0622363045354356E-01     -4.0087933647575030E-01     -3.9451550589697554E-01     -2.9137477577423399E-01      9.3034608739074931E-01      4.3993836598104485E-01      9.7368961850864810E-01      1.3375320252175779E-01     -6.6617405895311133E-01      1.9313080374277927E-01      1.9006491432735403E-01     -6.6394863593077247E-01      1.4439530758478750E-01
 26     7.8112E-27     4.2788E-23     -4.8438292484516893E-01      3.4238389355585958E-01      1.6416067174097862E-01     -5.7000423007116929E-01     -1.1016371144028927E+00     -1.9394512371349151E-01      7.6266205773695750E-01     -2.5043773170951178E-01     -7.9663896578040816E-01      9.2328361526711056E-01      6.1015931012148283E-01     -1.0558370576441607E+00     -5.4524534975010353E-01     -9.7669163578752771E-01     -3.0792055150355296E-01     -2.1887604273071107E-01      1.0480367850126657E+00      3.0939725939251472E-01      1.4139362666002218E-02      8.0260360714404999E-01      6.3666671896990201E-01      8.8812344626138739E-01
 27     2.0630E-26     1.8042E-22      1.0440137026189225E+00     -4.5150290791806158E-02      9.4774901796432116E-03      1.0341553224333430E-02      6.9570082613266571E-01     -7.1080879974958511E-01      3.9886622387736659E-01      4.3523086859753912E-01     -6.3074037301807462E-01     -2.0380990306689006E-01     -1.2377931289395991E+00     -1.6102216475891820E-01      8.2580271755259438E-01      9.0109117426793239E-01     -1.3583929140858059E-01      1.0361229883202354E+00     -1.4814337401082353E-01     -6.4608469683083602E-01     -5.2686298970908249E-02     -1.2471103084702198E+00     -7.6865849405316211E-01      6.3119957921755754E-01
 28     3.0917E-26     8.6190E-23      2.3051222993935516E-01      2.3252422503837208E-01     -4.0182113838641526E-01     -1.0165231621407274E+00     -4.6293570496339514E-01      1.1749355704799442E+00     -1.0129928407777724E+00     -4.1063983118507513E-01      1.1789142422334320E+00     -4.5270771052395220E-01      7.8208709735910109E-01      7.8891343974983463E-01     -2.7069207506919368E-01     -2.7305477456025162E-01     -1.4946507485304136E-01      6.6318713973047605E-01     -9.3249103907485831E-01      3.6633354333592621E-01      6.6446098965205536E-01     -1.4369615212416134E-01      3.7442331391186157E-01     -9.2927228782913052E-01
 29     4.2662E-26     9.3111E-23     -5.1674821487711053E-01      5.6668460263634113E-01      7.3293661679177080E-01      5.4746430662328294E-01      2.0493828979013146E-01      1.0066859147298195E+00     -1.0238895582215890E+00     -2.2907885710961487E-01     -2.5811257737587018E-01      1.1949177799206413E-01     -5.1019745054249221E-01     -9.1680178428607539E-01      3.9676168160046593E-01     -6.5630810178185106E-01      4.1339341277312328E-02     -2.8140974836106170E-01     -8.3758635085692368E-01      1.0269804045935236E+00      1.0234601144157274E+00     -8.9138250704754174E-02      7.4709810798261689E-01     -1.0945702643592208E+00
 30     5.7569E-26     1.9803E-23      8.7591541651934857E-01      8.3543129716248721E-01      7.5073425371080360E-01     -4.1916360758781568E-01     -1.6036036139444632E-01     -1.0132322204911199E+00      8.5989731729228769E-01      1.6834338112538738E-01     -9.8946564606608578E-01      5.7853295574799279E-01     -3.1985142218481984E-02     -3.0506814185918756E-02     -6.4177288758442752E-01     -6.1211065114994578E-01     -1.0196816242398017E+00     -1.1226915575096179E-01      5.3109780539882168E-01     -1.0157153965209857E+00     -3.8319541226519355E-01      7.6971509380936243E-01      2.0881628080968015E-01      8.5097511780402912E-01
 31     5.8399E-26     5.2005E-23      4.9982625473383285E-01      5.7098380007547800E-01     -1.4381935004623067E-01     -1.0920289889156178E+00     -3.3495108289212189E-01      6.8092331213056922E-01      7.1635107925543473E-01     -8.6768899535318644E-01     -5.9113348030837998E-01     -1.6524953266937828E-03     -9.1657637630049082E-01     -6.5263374707595667E-01      5.7054920045014224E-01     -1.5464518127256655E-01      1.1756442924856145E+00      1.9727273820296118E-01      1.5611564687477295E-01      1.1853955110485106E+00     -4.7524382935961867E-02     -3.6085550234680025E-01     -1.0844818013509225E+00      4.9492954879884382E-01
 32     9.4835E-26     1.3951E-22      1.6319553348348073E-01     -1.0340197154582824E-01     -8.9589368477626996E-01      8.4914629967754862E-01      5.3901866908748552E-01      1.0479276599885938E+00     -7.4801936835958038E-02     -9.6035710077844949E-01      1.0702764029601672E+00     -2.5032123386063582E-01     -8.5589961618715599E-02      7.7822075304945948E-01     -5.9527876914528532E-01      2.7575422601013888E-01     -8.7510492305825327E-01     -8.7781253294874251E-01      7.7944867511957583E-01      3.7849694116860860E-01      6.1669825442386128E-01     -8.3733367899423583E-01     -6.4196825967380344E-01     -3.0031936180745239E-01
 33     1.0457E-25     7.6342E-23     -1.0713917661832939E+00     -6.5332797197424963E-01     -5.9993563918107140E-01     -2.9093249166955409E-01      1.1767495812202446E+00      2.5782411482578177E-01      9.0504238322327568E-01     -6.6247628174923712E-01     -1.2900000928410249E-01     -1.1010236417219539E+00      2.4154749835178752E-01     -4.9821749657812864E-01      1.1159445374817839E-02      1.2834029188221687E+00      2.4121631162135615E-02      7.0352876826339239E-01     -1.9505471225548371E-01      1.3331538852236846E-01      5.5690212820844187E-01      2.7619704514632121E-01     -9.2014054067799100E-01      5.5170964807087719E-01
 34     1.1163E-25     4.8076E-23     -3.5766983335300412E-01     -7.9498940649438843E-01     -9.6283903918144884E-02      4.8874887196224528E-02     -1.0035304935326195E+00     -5.3399951180978300E-01     -8.6756719188029030E-01      1.5317042348447785E-01      7.2886591767022546E-01     -6.9625227186760300E-02      4.0851766617758301E-01     -5.5834820444288624E-01     -7.7595804775270161E-01      8.6413599226054805E-01      5.6356396925337859E-01      8.9218808954498519E-01      1.1575181557594842E+00      3.7481751328460250E-01      3.2933804733329142E-01     -1.1920439749139695E+00     -8.6794285796212067E-02      8.1581941903671384E-01
 35     1.2281E-25     9.2463E-23      3.8817583803469585E-01     -5.6531813355181670E-01     -8.9851991010454690E-01      7.6045875853271705E-01     -3.0271979840518243E-01     -4.5291156717750719E-01     -6.7079347383098853E-01      1.4248224037609955E-01     -1.4830802653967756E-01      9.8693263561244937E-01      1.4909219966980436E-01      2.2306298485439097E-01     -9.9777175606913585E-02     -1.1653368238790875E+00     -1.0386020814253245E+00     -5.3783930157706439E-01      6.0655526310072883E-01      9.0749232868191299E-01      1.0462662876113806E+00     -5.3940931368070111E-01      9.6863087746319609E-01      2.4038619177691672E-01
 36     1.2679E-25     8.8425E-23      1.0513603559263340E+00     -3.6815332057843786E-01     -4.4717305978048943E-01      3.1819517272399750E-01      3.2842621440287190E-01     -3.3099297479294038E-01     -5.5719715106493384E-01     -1.0246212674762416E+00     -6.8778506159551422E-01      9.4194963556986200E-01      2.1323111240648301E-01      1.0920873797811601E+00     -1.1306760247706311E+00     -7.5081259128146519E-02      3.5575980991394590E-01     -1.0543041828878619E+00      2.8177711283153961E-01      3.7151283468575852E-01      9.9345021063971617E-01      5.0393664725289333E-01     -4.0117351894012049E-01     -3.7452866518511213E-01
 37     2.5566E-25     5.8595E-23      6.3144667142663785E-02     -1.1943859639245102E+00     -5.1435474892862987E-01      5.3375984858776693E-01      3.8863267460510792E-01      7.1205776575666874E-02      5.8190517986225460E-02      6.1233186094220171E-01     -1.1171579590583764E+00      4.3418592034824044E-01      9.7879939223937362E-01     -5.3768290977073041E-01      1.0384501307533061E+00      3.9804461985043432E-01      3.9002067352639869E-01      1.1514445975923147E+00      2.1284373444116078E-01     -5.2240767532212140E-01     -4.6546524539343481E-01     -6.0922953388573742E-01     -1.0331038373556936E+00     -3.3726654102893672E-01
 38     2.6023E-25     2.1115E-22     -9.7785509251081548E-01     -3.9241116127990416E-01      5.1649735879373881E-01      1.1405985345141664E-01     -2.9565899648749344E-01      1.5619596967244298E-01      2.5547097594418133E-01      9.6535475967620177E-01      6.5353503239391403E-02     -1.3478409347002895E+00      9.1893864527771407E-01     -5.2779280032763554E-01     -5.4747295004639784E-01      5.9257488926093393E-01      1.0186695901449945E+00      5.3724674535457972E-01     -9.0901858596087154E-02     -3.1445898927603982E-01     -8.7297785014085838E-01      1.0269576271683178E+00      9.9366743631987657E-03     -8.0988595904433025E-01
 39     2.8473E-25     3.3377E-24     -1.1759909690023786E+00      4.3529002401204712E-02      5.7331526067907290E-01      4.1796170722100506E-01      4.5459858438326534E-02      6.5106201819692400E-01     -3.0717535397019735E-01      1.1949947102567895E+00     -2.8864441367561455E-01     -1.0533704237301322E+00      1.1919950839990778E+00      3.4319245815795535E-01     -7.2352837930725866E-01     -5.1101746550370997E-01      8.7253778810647642E-01     -3.9278050780584622E-01      4.1221642095636418E-03     -1.9607980512601547E-01      4.4275104907619917E-01     -9.4531435216370541E-01     -6.3484208859030933E-01      4.4782265806539301E-01
 40     3.2230E-25     1.2552E-22      8.9858167564870817E-01      5.7549667032675611E-01      2.3314989668695732E-01      1.4932086071454992E-01     -3.9281653431067409E-01     -2.5157936520902580E-01     -7.3831167866811886E-01      1.3950421070222274E-01      1.0234520171356205E+00     -1.6263837062991363E-01     -1.2248435717620245E+00      4.4810007759561127E-01      6.2368476168435216E-01     -7.4502483830325594E-01     -1.8209270262613422E-01     -7.2897723374457435E-01     -4.1586169900869202E-01      8.7812512715523960E-01      2.8034282905659497E-01      9.9765383233606808E-01     -1.0528499386339475E-01     -1.2999809709783505E+00
 41     3.6918E-25     7.5866E-23     -4.7872458222328551E-01     -1.0811459614242300E+00     -2.4524655078489149E-02      2.1542518553256979E-02      1.7484227985492964E-01     -7.6383727691464887E-01      1.0104011954211038E+00      6.1411989041054083E-01     -1.9027645621882350E-01      1.1518983170095951E+00      7.8000438140480310E-01     -7.4902426037023392E-02     -6.2135640720532992E-01     -3.8336675022239042E-01     -1.1668165182174859E+00      4.0175556637726470E-02     -6.6915409379615221E-01      5.8778663487707372E-01      3.0005640384401039E-01      6.6559747930957058E-01      8.8554845218028011E-01     -7.7786798223404197E-01
 42     5.8777E-25     2.1320E-22     -4.5372164374278579E-01     -2.2449757514073607E-02      9.7055086093830151E-02      1.0949038957090960E+00      2.4066308670610317E-01     -9.9343533845047105E-01     -7.2547586446022827E-01     -1.0790255642468674E+00      9.1509910396076721E-01     -5.6850799967592480E-01     -8.3188167022533444E-01      9.9327360527453556E-01     -5.0273090682541199E-01     -5.5202407451991864E-01      2.8364424319048870E-01     -1.5364043192892995E-01     -5.8286265015431693E-01      4.7949502534618754E-01      1.0910346458803133E+00      2.4587996192721637E-01      4.6917656955159004E-01      5.5553067803244738E-01
 43     6.2169E-25     1.4456E-22      7.1263211513617974E-01      1.0282793991520629E+00     -4.1664040736283686E-02     -6.0118361016803679E-02      6.2455911122827257E-01     -1.2411117997810214E-01     -3.3548207786683998E-01      5.4122956667964239E-01     -1.0355003354292243E+00      1.1529959824017936E-03     -7.1334059881149536E-01     -1.0293016926369842E+00     -3.7301643065845497E-01     -5.3823719566301431E-01     -7.5558430740323934E-01      9.7576843498322219E-01      3.6462471549594228E-01     -9.6918062863392473E-01      1.1789275127935182E+00     -3.6491314565741773E-01      3.7384433621284902E-01      5.3943180674886482E-01
 44     7.2357E-25     1.4856E-22      5.7844808849607898E-01     -9.9556908343091244E-01     -6.1783481226960657E-01      4.0513782839616201E-02     -1.2333825175791426E+00      8.0877591345977842E-02      3.6556927797846389E-01     -3.5711398223781643E-01     -2.7782923743982862E-01      1.1763204162151879E+00     -4.2906128537004418E-01     -1.1299669111035895E+00     -2.7006725477793631E-01      5.5092569624006837E-01     -3.3969790486266183E-01     -5.1094107127705723E-01      1.1112803071568544E+00     -7.2870884159764115E-02      4.0907302360039544E-01      3.0631773480900920E-01      7.0350231503510507E-01      9.1150671071727207E-01
 45     7.7918E-25     2.9732E-22      5.7014241172521762E-01     -8.1259850398092415E-01     -4.9084166241708604E-01     -1.2438898233246283E+00      1.2109666671834591E-02      2.7207805379587058E-01     -6.7115409002441861E-01      2.4987134480519455E-01      3.1112477300476676E-01      1.2946525101126618E+00      1.2098049691605692E+00     -7.0192774599230789E-02      6.2420411749614690E-01      4.5310757974431473E-02     -3.2614169472998189E-01     -7.3180572637028007E-01     -1.1883587821963477E+00      4.5939706016492216E-01      1.8088587036147477E-01      7.7373459969005931E-01     -2.3177557909337781E-01     -2.3655749832654641E-01
 46     8.3760E-25     8.3427E-22     -1.3244135985772401E-01      6.5133652342830350E-01      9.2024089198340109E-01     -8.4343151480147005E-01     -1.2402471262574843E+00      1.4144640420512586E-01     -2.7569869187220303E-01     -6.0478939464482873E-01      1.0865211127345717E+00      6.1456642521341276E-01     -6.6038447587500315E-01      7.5314836478519512E-02      5.7853121394857676E-01      3.2723327311587130E-01     -5.1778096366350679E-01     -1.1358357685540168E+00     -2.4873391480914556E-01      1.2232544539262586E+00      4.8999331364131710E-01     -4.4909523839375898E-01      0.0000000000000000E+00      0.0000000000000000E+00
 47     9.4317E-25     2.3353E-23      5.0328966084838311E-01      1.5954646838058342E-01     -2.4294581310452873E-01      1.1835244299737468E+00     -4.0712603410353465E-01     -1.1068643450412030E+00     -5.8105134414290993E-02     -5.2476599707817739E-01      1.0059485441976668E+00      6.1560361625333226E-01      5.4150253236015666E-01     -4.4423668813433326E-01     -1.2081822944679987E+00      6.9489401053169338E-03      9.9302259375381641E-01     -8.1465374939982915E-01      1.3738577959278200E-01      6.5456461030960067E-01     -6.4969957548729784E-01      5.3299914673588855E-01     -6.1509025920972060E-01     -2.6266643213761293E-01
 48     9.7020E-25     3.2012E-23      2.9537709480442953E-01     -6.3204925384896082E-02     -4.9322042859309669E-02     -6.2842249453490406E-01      8.1816680021784860E-01      6.6843143805192073E-01     -8.5119373386141939E-01     -4.2057287682530625E-01      2.4783960758499330E-02      3.5450341409684821E-01      7.0535464422585270E-01     -3.9351795594082595E-01      1.1708632989291483E+00     -6.6575407128561359E-01     -3.9304140214643146E-01     -1.1403712504518864E+00     -5.0769987587335919E-01      1.2468343129864730E+00     -9.5227598359574850E-01      2.8043116901041787E-01     -2.6101276062337520E-01      7.6164324024438557E-01
 49     1.0633E-24     5.6818E-23     -1.1249862914417064E+00      6.2952072774573686E-01      5.2932905692289645E-01     -9.4016887660453782E-02     -4.8227823661391295E-01     -4.0762972452760871E-01     -5.9303744507759848E-01      4.4119920427269049E-01      3.4150082298317896E-01     -1.1624189044731703E+00     -1.0925187305631023E+00     -4.7793498521509903E-01      4.5262376606891380E-01      6.0624438903731126E-01      7.6808334862960861E-02     -6.0958851875535758E-01     -6.5013088735702204E-02      4.1224214083559751E-01      1.1190518443549238E+00     -3.4529984844397216E-01      8.3851996718659660E-01      1.0076824071538473E+00
 50     1.7465E-24     2.0221E-23     -3.2732954216957633E-01     -6.8477645225157657E-01     -8.3128799380375082E-02     -1.2437210778098909E-02     -9.7515281990136027E-01     -5.3742638760694439E-01      6.0378000448306468E-01      3.8834376961384076E-01      9.4406688060533750E-01     -7.5645738126635254E-01      6.9100041688067226E-01     -1.9462682520454164E-01      6.8133069965592152E-01      9.9963919611938257E-01     -5.1341404456562723E-01      5.5898965784196453E-01      1.9642585742194571E-01     -1.0785265675307050E+00     -1.2783430658147027E-01      1.0887888061430919E+00     -1.0897443464796237E+00      2.2848939488068737E-01
 51     1.9177E-24     2.3339E-22      1.1686636151548739E+00     -8.0122702741585317E-01     -2.0128786995935574E-01      4.2262877161933088E-01     -8.3708997434476562E-01      1.1432496532695351E+00      4.2866877466934966E-01     -1.8808234052154471E-01     -9.8624770023461517E-01     -4.5660827837614444E-02      1.1955979162167066E-01      1.2332751716108580E-01     -6.4081230599553107E-01     -6.6100642692861777E-01     -5.1804770504825459E-01      7.4903938809026305E-01      7.1689449297673447E-01      7.3948621593800357E-01     -1.5048402943508746E-02     -9.8718943622085031E-01      7.6474728408558812E-01     -4.9456548716924059E-01
 52     3.1035E-24     1.0234E-22      2.7321337994480821E-01      9.6195345470094407E-01     -8.3044452398050039E-01      5.5710133063715661E-01     -7.8645632153781697E-01     -6.1764589719330232E-01      9.9929967896201466E-01      3.7418599956788923E-02     -3.4438778660191083E-01      9.3882748811116912E-01      0.0000000000000000E+00      0.0000000000000000E+00     -2.7321337995248679E-01     -9.6195345470656179E-01      3.4438778659190611E-01     -9.3882748811964378E-01      7.8645632153494427E-01      6.1764589718754137E-01      8.3044452396855428E-01     -5.5710133064535750E-01     -9.9929967896599337E-01     -3.7418599966022821E-02
 53     3.2357E-24     9.3976E-23     -3.2471671179713651E-01      1.1993152192175733E+00      1.1954238839435360E+00      3.3876197492749371E-01      5.5673476578533720E-01     -9.6468900986982831E-01     -9.1010656511246180E-02     -1.6076749989020248E-01      7.7232943412830257E-01     -3.2965106378170428E-01     -1.6248620963352176E-01     -9.9576496049450414E-01      5.5873724454210150E-01      4.0405383372552639E-01     -6.8010029076108247E-01      4.9257098288677897E-01     -1.1136491048490225E+00     -1.9082884285759310E-02      5.8912455434867818E-02      6.8700519036201513E-01     -7.7017481031687840E-01     -6.5175178282894963E-01
 54     3.7148E-24     1.4348E-23     -6.2448735021004531E-01     -9.3244738888260503E-01     -3.7906225811050735E-02     -3.8335233805249652E-01     -1.1461170208364755E+00      2.5904599799853051E-01      2.9831679879753431E-01     -1.0434168141231568E+00     -5.5541198268116265E-01      7.3005423336409381E-01      1.2126784554053331E+00     -4.8071997331128102E-01     -6.6514000604046020E-01     -1.8013733463918213E-01      2.1528035155311534E-01      7.1553679292052241E-01      1.9882502292614779E-01      1.2886204636156808E+00      7.2226199499002774E-01     -1.9828547149223308E-01      3.8169996188116451E-01      2.2510183256752458E-01
 55     4.7416E-24     1.5040E-23     -1.0883105201033232E+00      3.5377512511848769E-01      2.5557339714498112E-01      2.4698027381506069E-01      6.5152557785637344E-01     -1.7490734216393319E-01      3.1636133360840141E-01     -1.0997691275525647E+00     -5.6904774351854737E-01     -6.6563044660619811E-02     -1.5253084499795461E-01      6.5712441612505501E-01     -8.1993772336185888E-01     -7.9236902467237369E-01     -4.5953453610390016E-01      1.1669914446435770E+00      1.1505987585017292E+00     -4.9916281780517330E-01     -8.5978645462794809E-02     -5.6643944587195905E-01      8.0128094641168124E-01      7.7433954299846020E-01
 56     6.6787E-24     1.1685E-22      2.3206832147240861E-01     -1.0278749962097944E+00     -4.8952370402435580E-01     -4.3451835892210233E-01      5.7045153064206022E-01      3.2097462862341336E-01     -6.8935184220662271E-01     -1.0189230916336405E+00      1.1880736173099977E+00      3.1920418048990962E-01      1.5958070222731088E-01     -2.2389564838686668E-01      8.9591862655582932E-01     -5.5471842248684344E-01     -9.9285652323275619E-01      6.5315319375157477E-01      1.1443976754871148E-01      6.9606043899377912E-01     -2.9349056895302988E-01      1.1516234003232835E+00     -6.9530992737022890E-01      1.1891467542317512E-01
 57     7.6433E-24     9.8670E-23      3.6986014580107229E-01      2.5167888234739039E-01     -9.0647935793160245E-02      6.9182285691976630E-01      3.5261761889745802E-01     -3.8185154368052493E-01     -1.1659336244664518E+00      2.7155251595977553E-01      1.1077237095022199E+00      3.5405145643166824E-02     -3.0244517485685551E-01     -5.3384823400797532E-01      7.3538435772537347E-01     -9.1777058610940609E-01     -7.0655226954081074E-01     -1.2761873381194366E-01     -6.6691506189065819E-01      9.3968151646298248E-01     -2.9412980916316078E-01     -1.1701945254959933E+00      6.6103804375685460E-01      9.4114270574305792E-01
 58     7.7023E-24     1.4125E-22      7.4812301819095106E-01      3.6827381680215160E-01     -5.5788755621362363E-01     -1.7307642022409625E-01     -1.6682871038263666E-01      1.0070962443845140E+00      1.0094590643787851E+00     -1.5187844285611388E-01      3.2706671409514543E-01     -7.2164672722727363E-01      3.5714112839601508E-01      7.5350107425095281E-01     -8.8829320451829530E-01      8.8861557330623409E-01     -1.6478575532183401E-01     -5.6039238704581196E-01     -7.2641672762493781E-01      3.1633111167798000E-01      9.0168836564750698E-01     -8.7502031151857229E-01     -8.3926633667514050E-01     -8.5180353157753330E-01
 59     8.8555E-24     1.0542E-21     -1.0261909106813589E+00      1.1322114090354685E+00      6.8692212499735084E-01      6.2259860251606824E-01      1.0261909106810809E+00     -1.1322114090389259E+00     -6.8692212500079763E-01     -6.2259860251762444E-01      4.7544267942670065E-01     -5.2456284731052560E-01     -7.2979468871944575E-01      8.0519313143423765E-01      2.3590004486269586E-01     -2.6027196246479956E-01      0.0000000000000000E+00      0.0000000000000000E+00     -4.7544267942597801E-01      5.2456284730681679E-01      7.2979468871966158E-01     -8.0519313143797444E-01     -2.3590004486149768E-01      2.6027196246132178E-01
 60     1.1224E-23     3.2484E-23     -5.9176523310688267E-01      9.2627211845277424E-01     -1.6858631196922538E-01     -4.4409483936604349E-01     -4.1340385600036583E-01      2.3396329361388762E-01      3.8820472944889400E-01      1.4016398273196867E-01      6.8233249232175086E-01     -3.0900476449465458E-01      3.2754606048631613E-01      6.7362834916971370E-01      4.3099219275027401E-01      1.2297621750628251E+00      1.3646275147367237E-01     -1.0906622052802222E+00     -8.0565654464322989E-01     -7.5683852544419972E-01     -1.1033216993757178E+00      6.7588824624695079E-02      1.1171954185891881E+00     -6.7077840911093078E-01
 61     2.6953E-23     3.9143E-22      1.2887454416717453E-01     -1.1551244373177794E+00      8.7806218356740151E-01     -5.3474602780787073E-01     -1.1645474570651568E-01      1.0438036731822899E+00      2.3477871657727459E-01      2.2834359705071039E-01     -1.3153359335465966E+00      3.0212901061309005E-01      1.2164067966418617E+00      5.8458965280467023E-01     -2.7933094311261814E-01      1.7098557923952121E-01      5.6859204572632438E-02     -5.0963871162065910E-01      7.1728609181623715E-01      3.7605184642682377E-01     -7.8252784770647943E-01      2.0872109695378480E-01     -7.3861806733259971E-01     -7.1511527955488319E-01
 62     3.2709E-23     1.4955E-22      9.6723377200754890E-01     -6.6351211018934719E-01     -1.1857727467799424E+00     -2.4289778913582133E-01     -1.2488158655224613E-01     -7.6834403570758980E-01      5.2912033492739419E-01      3.8432209907680831E-01      5.7455180612144974E-01      1.0653387090708586E+00      7.7171316631607567E-01     -1.0201351281903855E-01     -6.0518411917614763E-02      6.3980449883850865E-01     -5.2058977761384218E-01     -3.9580056607803699E-01      3.5637149960751474E-01     -1.1174922122167734E+00     -7.1206186436289332E-01      9.5812950083656134E-01     -5.9516619178039265E-01      2.4246541829072463E-01
 63     3.6329E-23     5.4782E-22      5.1391435538648911E-01      3.1938317585039988E-01      5.1559403536783199E-01      9.8059159889418890E-01      3.6974908957133101E-01     -1.0443575555836984E+00      1.1345575492836377E+00     -8.1715377358348273E-02      4.6284096879741765E-01     -3.8973300513498471E-01     -5.8823924926850035E-01      1.2327276857090139E+00     -3.7437495584914116E-01     -2.0796910031513935E-01     -5.1759456354404543E-01     -6.6527089481127410E-01     -4.1691588360184295E-01      7.3257807888094928E-01     -3.4070795929071851E-01      2.5947223496047622E-01     -7.5882338687939743E-01     -1.1357068411654694E+00
 64     4.1677E-23     9.7907E-23     -6.9014662331839127E-01     -9.1648955020380826E-02      4.0270836203545929E-01      1.7671813148430815E-01      1.9394724315148471E-01     -6.9485896333796604E-01      4.0338388703090178E-01      1.2578905452840234E+00     -3.0667932674908588E-01      3.8314575728528488E-01     -9.7540986328743773E-01     -6.3725135048628379E-01      2.6280717215222099E-01      7.2067783029318966E-01     -3.0599542481129438E-01     -1.0699547823664688E+00      7.0148075025313483E-01     -2.6433819758374255E-01     -8.8599779956414493E-01      7.5026824257820990E-01      1.1999016230691852E+00     -5.3064825817699279E-01
 65     4.2329E-23     2.3969E-22     -2.5431565642973097E-01      1.2774773145483969E+00     -1.2428923164585501E+00     -2.9322877923568919E-01     -2.3588704036431662E-01      1.9945272515172982E-01     -1.9777702432746122E-01      7.2759707108187965E-01      6.7618247810000753E-01      7.2381815398046934E-01     -7.0926726581982691E-01     -1.2266095391946659E-01     -2.0806842719445109E-01     -1.2599491882190621E+00      7.3935764142517324E-01     -1.4786320456682903E-01      1.2918091863971355E+00     -1.6689448232520432E-01     -7.4166779597635665E-02     -7.1596442145427885E-01      2.1502520421832319E-01     -2.2178423509419870E-01
 66     1.0650E-22     2.9531E-22      3.1012379783229127E-01      2.8616524539003807E-01     -9.2078765705089782E-01      1.9882081696649873E-01     -8.4589951822104692E-01     -4.1452820376092159E-01     -4.1618093179378862E-01     -8.8571446303331502E-01      1.6146531125582411E-01      7.6045797569883533E-01      4.1449724825063572E-01     -1.2576038670417464E+00      1.1045538039249385E+00      1.3486282005964642E-01      3.6986659832347635E-01     -2.0314038767059589E-01      3.3969361523537062E-01     -6.9926792242857116E-01      9.9731697139397182E-02      1.3203897317651121E+00     -6.1706396491476900E-01      7.5955825399444177E-01
 67     1.1697E-22     2.0904E-22     -2.7663994018714788E-01     -6.0790966201409669E-01     -4.2967055845932234E-01      5.5973522061038705E-01     -1.1202538871565357E+00     -3.4711877199593300E-01      5.2709292321148205E-01     -6.8664810251415198E-01     -7.8370364787340718E-01      1.0209369145545828E+00     -4.9628597826274677E-02     -1.2100902057739444E+00      6.5875312519787388E-01      1.1012780638532041E-01      1.1818038882103052E+00     -2.6480346220602413E-01     -5.0768521669220823E-01     -4.5410989059931406E-02      1.7507860744930248E-01      4.7870023858729471E-01      6.2485330409445472E-01      9.9248101339211336E-01
 68     1.3615E-22     2.0425E-22     -2.7404966283410154E-01      3.7049121478916119E-01      7.7002661200825551E-01     -8.9897925811949908E-01      1.5640468460514192E-01     -7.3578139326123948E-01      8.3519304896816260E-01     -1.8609598996014243E-01     -1.0020976866175313E+00     -5.1474715716605768E-01      6.4246738336034537E-01      5.3609227609526344E-01      1.7670888665830400E-01      4.2380394520379300E-01     -3.9172328797861511E-01     -6.1055684209301153E-01     -7.4607638403201393E-01      3.6543634276900655E-01      1.1073948920295795E+00      7.9873219737219125E-01     -1.2742484862473760E+00      4.5160466434510926E-01
 69     1.5712E-22     2.2994E-22      5.4893465067720359E-01      1.9749266915722520E-02      1.9813817826401059E-01     -1.1535151708994527E+00     -6.8059936366247320E-01      1.0808800272838888E+00      3.4943425782158016E-01     -5.5142003274802043E-01     -7.7296107287172588E-01     -1.0165018029084132E+00      3.4244523289506285E-01      1.1585223132197886E+00     -5.0299289595812946E-01      5.3916212800593699E-01     -4.7728491497542863E-01      2.1389353883683664E-02     -5.5509686466960562E-01     -4.8935739620432950E-01      3.7358504373810836E-01      5.5682043488588884E-01      1.1763977487169079E+00     -1.6572912149728072E-01
 70     1.6366E-22     2.8357E-22     -6.7276211832445684E-02     -6.7864733076106487E-01     -1.0013076555498670E+00      6.6567429596925110E-01      9.0318171070128928E-01      6.2871953105998912E-01      1.2039602219403839E-01      1.0938602511846869E+00     -5.6389466541131694E-01     -3.8355064144150491E-01      6.2323614254941440E-01     -1.2085624787880674E-01      3.3798139661360355E-01     -1.1462193930274867E+00     -1.1683194675385085E+00     -2.5115720811291464E-01      1.0633908148518603E+00     -5.6119449770625229E-01      1.5673006272756840E-01      2.6376114744594620E-01     -4.0411814933773027E-01      4.8961009324792565E-01
 71     2.7230E-22     4.1148E-22      5.9678147874886767E-01     -1.0485613294375737E+00      1.1839601760559173E+00     -4.4357772766632796E-02     -9.1413764297022659E-01      8.2158002957629683E-01      6.7356827461413482E-01      1.0009669197278961E+00      2.4559224595732579E-01      5.2920326371362214E-01      5.3619380636658687E-01     -2.0088820130581029E-02     -9.7305062157882705E-01     -7.5087539788278068E-01     -8.6478409476155182E-01      3.2399650877977290E-02     -3.2243598904394877E-01      6.0755579878084565E-01     -3.6699313679996259E-01     -5.8172592619578622E-01      2.0530550336672310E-01     -5.4609641629510952E-01
 72     3.5406E-22     3.5552E-22     -7.6564158996140136E-02      6.9941171543540759E-01     -2.1218486915521997E-01     -7.8728540296787844E-02      7.1552223252239444E-01     -6.7827434205165749E-01     -1.0353752897511852E+00     -7.9422158697493106E-01      3.4038556924824145E-02     -1.0038225340340381E+00     -6.0145654578128305E-01     -4.3612197647381279E-01      7.7504417235090095E-01      1.8384357089502895E-01     -2.3393599172145441E-01      1.2486863244739927E+00     -9.4506700128940457E-01      4.1636614237807029E-01      1.3173587494134917E+00      2.4063336556681769E-01      2.6262014542696877E-01      2.0222786103931842E-01
 73     4.3415E-22     5.5441E-22      1.2311501532015263E+00     -3.8258337896403448E-02      7.3091313211348696E-01      3.5396452328377775E-01     -4.0113202004581117E-01     -1.1883656578845421E+00     -6.3287823328316117E-01     -4.3111481672111381E-02      2.1651169653605801E-01     -7.7324118809316134E-01     -3.8920814963396461E-01      5.3473242511621422E-01      7.3559186151800104E-01     -5.1102010012269750E-01     -1.4084549639352745E-01      1.2113522897873279E+00     -1.1633928207165070E+00      3.5766256365718696E-01     -4.5018675788760143E-01     -5.5101895221402908E-01      2.6347663455454406E-01      6.4730391600104353E-01
 74     5.2527E-22     7.5791E-22      6.2879505224628363E-01     -9.7406573358483006E-01      7.2563609421554631E-01      8.7127033584151665E-04      3.1072055161735235E-01     -3.6073691239021333E-01      5.3038434351398800E-01      8.0521233719226559E-01     -7.1356867857788531E-01     -1.3178862362014979E-01     -8.1863763047070798E-02      8.8812613183110212E-01      1.1919022043872753E+00      3.9312297309323679E-01     -1.2436814240849032E+00      1.6862103143226617E-01     -4.4014231603355858E-01     -1.0725959223740518E+00     -6.6863920997126580E-01      6.9469134638643815E-01     -2.3954285431622940E-01     -4.1145789833526825E-01
 75     6.0732E-22     8.8822E-22     -5.7586123792446908E-01     -1.0363329966140122E-01     -8.9551586885396639E-01      9.3345604428104068E-01     -6.4175749988227160E-01      3.8658922789899020E-01      9.2080188446242006E-01      4.7808238970346573E-01      6.7749862675041028E-01     -5.9052931633774886E-01     -4.6671508441875675E-01     -5.8607247825535647E-01      1.0297055210941022E+00     -1.2706463555983369E-01     -5.1389630213281479E-01     -1.1870970679148456E+00      4.2911342197725333E-01      7.8967774045645889E-01     -1.3089822397070167E-01      8.3242220041790704E-01      1.6752476286251511E-01     -8.2583080507990669E-01
 76     8.1331E-22     1.1614E-21      1.3253655056417701E-01      6.0962841725050310E-01      3.4648664675352508E-01      1.1514432623542725E+00     -4.4654393819323013E-01      1.5346155310444612E-01      9.4282181500718520E-01      2.9232665998398416E-01      6.0787772605323531E-01     -6.8860956910769777E-01      2.8640214268402697E-01     -3.7316422295541762E-01     -4.9600195130413860E-02     -7.9212912006352623E-02     -1.3333640258284394E+00      4.9339835592551329E-01     -5.7108134875497274E-01     -8.2474593733746915E-01      9.5136495175236480E-01     -1.0527790752943476E+00     -8.6690032494403657E-01      3.1825346806533006E-01
 77     8.2891E-22     8.2878E-22      6.1058151736431487E-01     -2.0258850656520694E-01      1.1935732386368374E+00     -3.6948765704419578E-01      1.9495290539297314E-01     -6.4847327243901620E-01     -1.2057232126666002E+00     -1.2157035390132249E-01     -1.9504222755247633E-01      6.1303378521131180E-01     -1.3643241080480398E-01     -1.2041320582862991E+00      8.1298379894621631E-01      8.0301759683036777E-01     -6.4601941055238532E-01      2.0293629931190593E-01      3.1733364574501155E-01      3.1344351748447580E-01     -5.9146974021027821E-01     -5.8421903363540262E-01     -3.5473810433821740E-01      1.1980396829939881E+00
 78     1.4928E-21     1.7918E-21      1.9585622603633648E-01     -8.7369314744508941E-01      7.3757744918719104E-01      3.4529798816046930E-01      1.1773070083608375E+00      6.4001048869962185E-01      3.9040621479103760E-01      1.1051860496930072E-02     -3.5776386634026403E-01     -1.5666579752336465E-01     -1.3378568948636052E+00      7.6184949522564466E-02      9.2469876743718205E-02     -4.1249798027462536E-01     -5.4247607264217867E-01      7.9100205191353989E-01     -8.1439817442716911E-01     -2.6091568365424413E-03      3.0598479913880361E-01     -1.3649646357266647E+00      1.5289343395999430E-01      9.4688337896011521E-01
 79     1.6925E-21     2.6245E-21     -1.3476054856083872E+00      2.7382545391593754E-01      1.3001354225083595E-01     -3.6912042483706636E-01      1.0653656239594160E-01      4.1503146949787245E-01      9.8160535014136507E-01     -3.7788071429136975E-02     -8.2173210758287030E-01      2.1938050776261875E-01     -3.4312011207566318E-01      2.5665102476941565E-01      8.7852888265954576E-01      1.0579262386163184E+00      7.3945856115181363E-01     -7.8336056972090029E-01     -7.4124424851154536E-01     -6.4461924095992074E-01     -8.5298268845049818E-02     -1.0738607690012503E+00      5.0285732395179694E-01      6.8593438134303319E-01
 80     2.1036E-21     2.4885E-21      8.8383822075658325E-01      8.3658108006539189E-01      1.9237991266576548E-01      7.4704369965563078E-01      6.3988142776313284E-01     -1.0351761504299697E+00     -5.7992531645876710E-01     -4.4070004349379122E-01      7.4106692264055651E-01      1.8801341048344772E-01     -4.4759256479984322E-01      5.7462230805292980E-01      6.6811880786233346E-01     -3.7168062221587334E-01     -9.2626239579574698E-01     -9.0673415775962196E-01     -5.5271592548751291E-03     -7.7139728447555767E-01     -5.0307097264041656E-01      6.5568108467081762E-02     -6.6290688277241039E-01      1.1138596515909800E+00
 81     2.5179E-21     2.5927E-21      6.2541705781379597E-01      3.8516939986070597E-01     -1.2719356866279257E+00     -6.3830909545941422E-02     -7.1310167873001373E-01     -1.5837461781305681E-01      8.6571008631244206E-01     -3.7628553836142054E-01     -8.2103222018582322E-01      9.7355065063094548E-01      4.7876568172661077E-01     -1.1868466737904757E+00     -3.7067255895343265E-01      6.2944291068634506E-01      1.1916337496936687E-01      4.5548089174514561E-01      1.4502850844867532E-01     -7.2004770296107123E-01     -2.5174334681088140E-01     -3.9785429496003788E-01      1.1944007819923612E+00      4.5959588449509958E-01
 82     5.7517E-21     5.9445E-21     -7.4915535472220496E-01     -3.0291445364417868E-02     -3.2567495317464384E-01      2.5663278286635771E-01      7.4781391099994732E-01      5.4089478331749132E-02      1.3039655258587519E+00     -4.5129022968614985E-02     -1.2906339672788016E+00     -1.9138099143084031E-01     -7.5127167203921333E-02      1.3328019579754549E+00      5.8041479339601099E-01     -6.5892322316135377E-01      2.9477191546777098E-01      2.9160603254202438E-01     -4.4651297355410152E-02      7.9214136189500628E-01      6.0965847429108731E-02     -1.0815714722127143E+00     -5.0268925346757576E-01     -7.1997545851314015E-01
 83     2.7927E-24     4.1481E-22     -1.3731101137999957E+00     -4.1677274605509540E-01      3.8480314539361177E-01     -3.4114406068332837E-01      7.8450174362534353E-01     -5.2323465050216511E-01     -3.0506765837122002E-02     -2.2729359841924562E-01      6.6317765809645240E-02      4.9410690457163675E-01     -7.1318041839895296E-01      6.9615880209792735E-01      8.7150666467906834E-01      4.8346615222256700E-01      1.2146176072089725E+00     -7.6409094659937238E-01      1.5089579140197740E-01      1.1242636342673535E+00     -4.6113903803544964E-01     -2.2760386303549296E-01     -8.9470638212709808E-01     -2.9785562788280856E-01
 84     7.5524E-23     6.3832E-22     -1.0819570751871879E+00      2.6415631639730286E-01      6.9794496488954383E-01      6.3186383747434682E-01      4.2599803705915906E-01      2.8623929935998155E-01     -2.6746346336928634E-01      1.0067919079661922E+00      5.5596265339602616E-02     -9.3979370442950239E-01      1.0348513117686997E+00      9.9249038443118642E-01      4.3159517566366372E-02     -1.4337532468244742E+00     -8.0485867441061287E-01     -5.2060809481823367E-01      1.0876219859732925E-01     -5.0309568243974190E-01      2.2200528513378234E-01     -9.2349245191361187E-02     -4.3403836744519186E-01      3.0805822796845012E-01
 85     2.1971E-22     2.2071E-22     -1.2114842304010915E+00      8.5659900504063613E-01      2.3122354306823151E-01      8.8743573377940699E-02     -7.8744336516765756E-01     -5.3250827723529226E-01     -4.8156746508697285E-01      3.8912861494711282E-01      1.0240156335940889E+00      4.0581944181931770E-02      5.7193249057181990E-02     -5.8956477958066122E-01     -8.2587233151673500E-01      5.9989792394668018E-01      6.2105590033819091E-01      4.6720739980806038E-02      1.4856525115959742E+00      4.5575642878667326E-02      2.4276928847769143E-02     -1.1596117308213352E+00     -1.3705037441608037E-01      2.1443734327950195E-01
 86     7.1900E-22     7.9129E-22      9.2205903950432344E-01     -1.0208330638851013E+00     -1.3025609095842845E+00     -4.2954001329632840E-01     -1.7501533206134665E-01      5.1762453957313725E-01      5.7048938449534892E-01      1.8508276676739427E-01      5.5563322359465506E-01     -6.5068070636040143E-01      1.0304211339773039E+00      5.8599336338729624E-01      1.5684803697380936E-01     -3.5949930513782613E-01      2.0105773525216500E-01      1.0809589723817907E+00     -7.9246481371517841E-01     -3.0938422316071496E-01     -8.5150387517330162E-01      6.6926560564090565E-01     -3.1496362332178007E-01     -2.6898793593735743E-01
 87     1.2536E-21     1.6240E-21      5.3920656025756242E-01     -3.0434254189997229E-01      2.4737570418463789E-01      3.1317652985722833E-01     -1.1131011575887562E+00      8.1123185767542683E-01      7.1102082330287897E-01      4.8021436860951050E-01      1.1613877383701416E+00      7.4045245293020379E-01     -2.2742455023434896E-01      3.2795175230160634E-01      7.9483515502302049E-01     -8.7227484408687350E-01     -8.4753304047319777E-01     -8.2116628803454506E-01     -6.7978658558476601E-01      5.2349465047983090E-01     -2.8894156194255043E-02     -9.2851073929722705E-01     -5.5708649112276243E-01     -2.7022719856959038E-01
 88     9.4563E-22     1.2519E-21     -1.2324603315611014E+00      4.3099428645680787E-01      4.7926461802875642E-01      1.2296518386984447E+00      2.2370115400617510E-01      7.4509383845041577E-01      6.2700645268128785E-01     -8.8939107230440051E-01      6.1116637200408030E-01     -2.1372632260273525E-01     -2.7492728920310350E-01     -2.1185189817844419E-01      1.0446241504487772E+00      3.0481790545514803E-01     -8.2987098309644056E-02      3.3701540412581721E-01     -2.8938803084821751E-01     -7.2212298262258767E-01     -3.9149337930183803E-01     -1.2603456480333055E+00     -7.1450661798780968E-01      2.4986465049293755E-01
 89     1.6688E-21     3.7265E-21      6.8142822401168990E-01      7.4579802002240525E-01      1.0062769699842142E+00      1.0873507115690471E+00      1.0062132435846179E-01      1.8212889447338906E-01     -1.1871484276345854E+00     -8.8634277859158128E-01      8.7609001091035077E-01     -3.7503744089882946E-01     -1.9170099244666952E-01     -8.0909298817267439E-02      2.8082152207045935E-01     -9.1067341129282264E-01     -4.9123403109988456E-01     -3.4076679868727078E-01     -6.5236722899257915E-01      7.2499547463034342E-01      3.9053891947841590E-01      4.5267232818780706E-01     -8.1332629077291174E-01     -5.9921570071621799E-01
 90     4.0530E-21     4.4817E-21      1.0906373162151362E+00      8.0609064898409899E-01      1.8599342370853361E-01      9.1849200480823578E-01     -8.5232852895383449E-01      4.3844656181962960E-01      8.4421942397927940E-02     -8.2160052583036280E-01      4.9491720114957333E-01     -4.5704771544972126E-03     -4.1799024688603265E-01      8.4930741149697087E-01     -6.3907621047782692E-01     -6.8542155916811665E-01      2.9151526227748026E-01     -3.9997847083162202E-01     -2.1577684652751433E-02     -1.3560259191817552E+00      7.1749883798891778E-01      4.0908422829757562E-01     -9.3401131282377847E-01     -1.5382390332639154E-01
 91     4.5793E-24     4.7279E-21      7.1918296352887390E-01     -5.6112707164617814E-01     -4.7321937577203911E-02      9.4712913625383977E-02      2.5512722607349453E-01      2.5981960633053547E-01      5.5300564214422532E-01      4.4992683572514047E-01      8.6126260504183094E-01      6.6651618058971096E-01      1.2154301774168617E+00      9.2637691371677222E-01     -1.4706023108553887E+00     -4.1566037326376870E-01     -6.9184531239644742E-01     -1.7204494049283428E-01     -3.6096007663957930E-01     -4.7999504523285691E-02      1.6859962414395760E-02     -9.1203260206646108E-01     -1.0501389393686655E+00     -2.8848795810887468E-01
 92     1.1605E-23     5.1107E-23     -8.3808396136190966E-01     -2.7898488428376922E-01     -1.1713694864685442E+00      7.1676929470771178E-01      7.1149485545427604E-01      4.6973500906179461E-01     -6.9523304019201471E-01      4.8545547476546197E-01      1.1718692758006597E+00      7.1895410859966602E-01      2.3037394195157826E-01      3.3890461977001818E-01     -6.0178797596246847E-01     -9.2999567944633366E-01      8.4941935741321561E-01     -8.3015120065038173E-01     -2.3005018475089797E-01      3.8148148642310908E-01      4.5251560725997605E-02     -7.9880315695931225E-01      5.2811565732569499E-01     -2.7336507201594679E-01
 93     2.6971E-24     3.5169E-21     -1.5821747816198684E-01     -3.2921008225739945E-01      3.1584898837267084E-01      1.8344335679519347E-01      5.7529806093155673E-02     -5.3199588342120928E-02     -5.4462660674846342E-01     -9.4173343992693537E-01     -8.4283885103718503E-01      7.7939911361422898E-01     -4.5179415894485175E-01      4.1778801082204409E-01     -3.4991904507185428E-01     -6.2379190404697493E-01      8.9632581813057433E-01      6.1650631812049483E-01      1.2513258309062050E+00      8.6856746601275114E-01      5.9456058960112079E-01      3.9756431286439148E-01     -7.6819489330973045E-01     -1.3153335638381920E+00
 94     3.5484E-27     3.8778E-22     -7.0991431168764429E-01     -8.0764713664352261E-01      3.3689474553228754E-01     -7.8438513698219670E-01     -1.6171777821616051E-01     -9.4196255561527986E-01     -5.4692867352590568E-01      6.3882071719257072E-01      9.0737953608254585E-01      5.7700485614276698E-01      7.2311473470892818E-01     -4.5372149235998166E-01     -9.7953960612963509E-01     -2.9239998064630607E-01     -1.0044283556602637E-01      8.9040876678445557E-01      4.3982519141296117E-01      9.2279433844483172E-01     -8.6430230275701503E-01      2.3642771329823650E-01      9.5563130007808894E-01      1.4659910321107909E-02
 95     1.9268E-21     4.3454E-21      1.4167162694567033E+00      4.4426156247033233E-01     -9.6297373981296974E-01     -1.1301039335124883E+00     -5.1092028560420985E-02     -2.6457093533366083E-01      9.7681455950999385E-01      2.8696101578322725E-01      6.0156359503802903E-01      1.2755397307145772E-01     -9.2867073435038128E-01      1.9860479760139405E-01      1.8043462159169976E-01      9.3237146342281219E-01     -4.9744554977849725E-01      7.5190050084476523E-01      2.6347844050422770E-01     -5.6456058758911826E-02     -3.5267480948367502E-01     -5.0375515257847003E-01     -6.4615062426775294E-01     -7.8676723311650765E-01
 96     9.7469E-23     8.8029E-22      1.2483324714002344E+00      6.4649776042760743E-01      2.7587520380390179E-01     -6.6400200518353325E-01      4.2620831167040391E-01      1.5366946227174452E-01     -8.5449069103418063E-01     -2.9035143736507540E-01      4.1526395149988071E-02     -9.9949576068110821E-02      4.8497508778725545E-01     -1.1672829827196860E+00      1.5877406827821912E-02      9.6979028345929486E-01     -1.3389293370900248E+00     -4.2844082877653189E-01     -6.9842077815681980E-01      6.7301835233492413E-01      8.0866619112846982E-01      4.0064609008376917E-01     -4.0962026157969328E-01     -1.9359511851939432E-01
 97     6.5300E-22     1.2353E-21      2.9506491047041128E-01     -4.8895153541856681E-02     -3.3686548963719404E-01      9.0688678805677947E-01      2.4023091520092874E-01     -4.5918352830029124E-01     -6.1138681805696771E-01     -7.4975206780255566E-01      2.8875245742505562E-01     -1.3974275669414020E+00      7.2407540693830807E-01      1.2295920427143436E+00     -8.0438427302201454E-01      4.5149971425986807E-01     -9.0702527725814819E-01     -1.6790234387250691E-01      3.7550539392133647E-01      3.5714997464179826E-01      5.0717346656098250E-01      7.7877969240757161E-01      2.2885930742369243E-01     -9.0074755173342058E-01
 98     1.1767E-22     1.4938E-22     -1.4211284378135494E-01      1.3312112818972883E+00      2.3440222998040608E-01     -1.7171645144210809E-01     -5.4564971838769259E-02      2.8540078654226919E-01      6.8010951953044174E-01     -4.2757430643085381E-01     -6.5717570065050646E-01      4.8474325521743994E-02      1.1415503782391137E+00     -6.9941566423358537E-01     -2.3811700027569627E-01     -6.1443466368634014E-01     -1.2362777164633745E+00      4.4949685965028983E-02     -4.8971495963961797E-01     -1.1360379944339893E+00     -9.4494356855561165E-02      7.9777162307724792E-01      8.5639542171941863E-01      5.4137137718146733E-01
 99     1.0315E-24     1.0154E-20      5.5927556017023561E-01      7.2644397698169949E-01      2.8633372821505171E-01      3.7191936691236133E-01      8.6090162288100958E-01      1.1182265831992819E+00      0.0000000000000000E+00      0.0000000000000000E+00      9.7042904227680626E-01     -7.4711507482401773E-01     -2.8633372824220393E-01     -3.7191936694785088E-01     -5.3017115095976297E-01      4.0816880150480639E-01      5.3017115096651179E-01     -4.0816880149607737E-01     -5.5927556019574709E-01     -7.2644397701100683E-01     -8.6090162290523686E-01     -1.1182265832229024E+00     -9.7042904226664073E-01      7.4711507483804429E-01
100     5.4189E-21     5.4526E-21     -9.2957250652271717E-01      2.5412082864077667E-01      4.9413664959855902E-01     -1.3336232157555836E-01     -8.1709865845286478E-01     -4.3810152992373697E-01      1.8440000043900032E-01      1.7013141890970987E-01      8.8420983269713904E-01     -3.4349406552760031E-01      1.3314513664382008E+00     -5.4348892885833544E-01     -3.3488132527497277E-01     -1.1200678834260580E+00     -6.2366780738807900E-02      5.1044734262680591E-01     -4.6423348783754642E-01      1.3527124519790530E+00     -1.1655331431138371E-02     -6.0431140500915637E-01     -2.7438975893719614E-01      8.9541409213298540E-01
101     2.2633E-27     2.6843E-22      1.0055147629690793E+00     -3.1269062312528617E-01      1.1458470037634629E-01      8.6387265198120267E-01      5.6546016866143911E-01      6.2651786418393751E-01     -7.4843311659452905E-01     -4.4637818403987051E-01     -3.5233460994284937E-01     -7.6689644601833329E-01      1.4330072833839705E-01     -9.1366027573342257E-01      8.9600246432328090E-01      2.2910648895712971E-01     -4.1541917973023079E-01      8.9703146349798646E-01     -9.8817211629757129E-01      2.7466549953568932E-02     -9.0481858705347817E-01      5.9597333577821476E-01      6.8431478490556275E-01     -8.0034282546877056E-01
102     7.5053E-22     2.8344E-21     -1.7884148944778100E-01     -1.0111913646575056E-01      4.0414839644092987E-01     -5.1300627813682409E-01      7.0260211684882390E-01      7.2666304449873143E-01     -5.9305682767983003E-01      7.5279743426466916E-01     -5.1919448248388289E-01     -3.0643567355018453E-01      1.0266986323594651E+00      1.0619518061955062E+00      7.4173547127962092E-01     -9.4152285852382234E-01      4.1945693039290072E-01      4.3303766135196808E-01     -8.7094166006369789E-01     -5.1298103249608651E-01     -1.2727807094757859E+00     -7.4958721045601406E-01      1.4017362169648256E-01      1.5020224320845674E-01
103     2.9182E-22     9.3940E-22     -5.6672190011621748E-01      2.1626301983073221E-01      1.1025018111104569E-01     -1.6800868752784281E-01      2.7155047786700210E-02      6.0597525460289714E-01     -1.1119639521890896E+00      4.1407626508398260E-01      6.2686836570008661E-02      1.1849022511510470E+00     -7.2097903782815287E-01     -1.2368103993762793E+00      9.3974056273049389E-01      9.6375366899625656E-02     -4.6242503190233741E-01     -8.2374973536963758E-01     -2.1114876335091182E-01     -4.6631269060067082E-01      1.4215804379619927E+00      1.6917386119021413E-01      5.1182561912941504E-01      8.1154940414664024E-03
104     2.5122E-23     1.2674E-22      4.5666444766235592E-01      1.9886752983756462E-01      1.0742150198923484E+00     -6.9531980842289720E-01     -3.2651874256121410E-01     -8.4085555598358575E-01     -2.0277932070826107E-01      4.5494094042848010E-01     -1.2619529248096308E+00      2.1185457400370342E-01      2.8747856542198874E-01     -9.1216983983886213E-01      4.8859664321217844E-01      1.2582407945842127E+00     -8.2773742325665001E-01     -4.7911220025495033E-01      2.9225861220597993E-01      7.5262839717246111E-01     -6.8479387160571492E-01      2.9521938891933502E-01      7.0456899450083410E-01     -2.4429422048600580E-01
105     4.8159E-22     6.4034E-22      3.4914790395715023E-01      6.7193063546426290E-01     -9.7150720106833857E-02     -6.6012818833766140E-01      3.4957039692708980E-01     -1.1676419163126868E+00      5.1114499266371916E-01     -4.3105370980775370E-01      6.3425868873123359E-01      2.0717963993426555E-01      1.2098925723553318E+00     -1.4746887972747316E-01      7.1742745505945324E-02      1.2489746623562061E+00     -6.0335726988733496E-01     -4.5755332217227968E-01     -7.9074676856611636E-01      2.8619387646624111E-01     -4.1555749119534924E-01      7.3109463026171873E-01     -1.2189450504225552E+00     -2.8152742816130139E-01
106     4.3021E-29     7.2875E-19      1.4142578910003256E-01      2.3811615309661288E-01     -2.8606185269837042E-01     -4.8163738979774873E-01      0.0000000000000000E+00      0.0000000000000000E+00     -1.4142578914595735E-01     -2.3811615317393958E-01      2.8606185265338407E-01      4.8163738972200315E-01      8.0292652649599194E-01      1.3518734943965629E+00      4.3806466484744233E-01      7.3756189351894197E-01      6.0450719635161110E-01      1.0177983027738480E+00     -6.0450719639259698E-01     -1.0177983028428530E+00     -4.3806466489081702E-01     -7.3756189359197200E-01     -8.0292652653352037E-01     -1.3518734944597426E+00
107     2.5285E-22     5.5170E-21      1.6913597468828076E-01     -1.1313984875881109E+00      3.7580089395038388E-02      1.5707509382943066E-01      1.2260513984287000E-01     -7.8450321093015296E-01      5.3905605322770569E-02     -1.5224662213657467E-01      3.4339948658367987E-02      4.6956209905932972E-01      4.9101179366785853E-02      1.1429167028825558E+00     -8.7910174832019217E-01     -4.6397614036192206E-02      3.9344316733485742E-02      7.9305064966683936E-01      2.2648484590043400E-01     -1.5408824855953438E+00      8.3576988569595764E-02     -4.6333862776336404E-01      6.3027659849505341E-02      1.5561625023751153E+00
108     5.6571E-21     5.6604E-21      8.0986115643069245E-01      3.6191933971326989E-01      1.2680027829034410E+00      5.6665852695621299E-01      2.9039608017021784E-01     -1.3143112636785033E+00     -5.7775007066102824E-01     -2.5819107687199983E-01     -1.1018537518439608E+00     -4.9240808645635503E-01     -7.8544400359458166E-01      1.0930789991640899E+00      3.8509021720469555E-01      1.7209319898333533E-01     -1.4771673510054453E-01      3.1878798223486882E-01      1.3895899111726293E-01     -3.2270173572026095E-01     -4.7274274939288197E-01      6.8261966768914395E-01      1.9319808271424749E-01     -8.0754555206777467E-01
109     1.7347E-21     2.0947E-21     -5.5905484205933009E-01      1.3201110776195797E+00      5.6674963411873273E-02      1.3500751779132661E-01     -1.6830627695841857E-01      5.0024071025879535E-01      1.4025059746189559E+00     -1.8107052066670284E-01     -2.7724950659055092E-01     -8.0170018308755819E-01     -9.0340753726596446E-02     -3.7874664372204470E-01      4.9408011310792821E-01     -4.3521689967956925E-02      9.2355358710537550E-01     -1.1337169212474324E-01     -3.6032623137476988E-01      8.8185753106031128E-01     -9.6283664598347285E-01     -4.8117316891098452E-02     -4.5870038159624016E-01     -1.2706887903253079E+00
110     6.9500E-22     8.5203E-22      2.2195378358028381E-01     -9.1718492124153062E-02     -3.5006888608370770E-02      2.3759268000174191E-01     -2.7221820314695427E-01      9.8037896227773258E-01     -6.7701452092939962E-01     -5.2827271317540181E-01     -1.5883585623295149E-01      6.0281704741975983E-01     -1.0565983989768413E+00     -8.2446105025658278E-01      1.2764513874301358E+00     -7.3091499495979362E-01     -3.3096927403643722E-01     -2.5825448490033470E-01      8.8478579606762275E-01     -5.0239402353947815E-01      5.4611623697313882E-01     -3.0062314881910229E-01     -3.9866406216520511E-01      1.4158502180154811E+00
111     5.4405E-21     5.5773E-21      6.9102934919734516E-01     -1.0787999027229880E+00      4.6255117407365987E-01     -2.4512232105328557E-02     -1.1920139590397245E+00      6.3169059673617869E-02     -2.2749514151256833E-01      1.1717371566074255E+00     -3.7119044196169038E-01     -5.2970578130986135E-01     -3.5006221731153220E-01     -1.1411303376295685E+00     -3.1312667526347387E-01      5.6597017967131436E-01      8.0117764742692565E-01      9.9972254590971954E-01      5.5226889819448965E-01      4.8868485523344696E-01      4.9752644235396198E-01     -5.4431724466599873E-01     -5.5066507618419880E-01      2.9181701275799717E-02
112     2.1814E-21     2.6814E-21     -1.0998059368588921E-01      7.6848271324881468E-01     -2.2078730389981288E-01     -3.3192486189834158E-01     -1.8633819415214692E-01      1.3020268051171175E+00      3.0502399990211665E-01     -2.5667393124415100E-01     -6.0227846224674408E-01     -6.1644115044984649E-01      8.2072073638842036E-01      5.7399466451853565E-01      1.2165517786962221E+00     -6.4297840022575670E-01     -9.8737350670974877E-01     -9.5839084495325566E-01      7.5100372686821382E-01     -4.2276759603665054E-01     -3.7770206487667185E-02      2.6391702202209016E-01     -9.4877197472744212E-01      3.2075557985331077E-01
113     1.3092E-23     3.5950E-22      5.8149393981794695E-01      7.5561611089258829E-01      9.2889390324340160E-01     -2.1505121624110415E-01     -4.4577127811116790E-01      8.4283976929352011E-01     -9.5185410240397461E-01     -5.5359523458160774E-02      8.9770074306938563E-01      3.2128536377944633E-01      6.6516981238624784E-01     -6.8311055458423320E-01      1.9025900596153619E-01     -9.3428711847568779E-01     -7.7082100837434453E-01     -5.6118257470422195E-01      8.0666919311774124E-02      9.5004408172263211E-01     -3.4505769054992469E-01     -8.8883412361059433E-01     -8.3068024440293087E-01      4.6803978533376450E-01
114     1.0510E-23     9.9704E-23     -5.1352576957766050E-01     -1.0605981759932104E+00      3.4075955178133560E-01      7.0377959684623548E-01     -5.6403367912788205E-01      5.4156144793219008E-01     -1.1673769962996865E+00      1.6064916883664648E-01     -2.0795289183259594E-01      1.1598848226014240E+00      1.0388550410789157E+00      5.5619907455812545E-01      7.7463466411799520E-01     -1.0660173649939737E-01     -6.8935153627425338E-01     -3.6907621502317572E-01      0.0000000000000000E+00      0.0000000000000000E+00      1.3799099949737137E-01     -7.6966309327260807E-01      8.5000061659957038E-01     -8.1613489001803785E-01

*** SOLUTION TESTS ***
IS   = solution counter
FCT  = objective function at the solution
FINERT  = residual of the normalization condition for the moment of inertia I=1
FALBOUY = residual of the Albouy-Chenciner equations
KRAWCZ  = logical flag indicating if there exists a unique stationary point in a 
          small box around the solution
EXISTSOL= logical flag indicating if global minima of F exist in a small box
          around the solution 
RMSQUAD = RMS of the relative quadratic approximation error
ERRMAXQUAD = maximum quadratic approximation error

IS        FCT            FINERT         FALBOUY   KRAWCZ      RMSQUAD        ERRMAXQUAD    EXISTSOL
  1     1.2456E-31     5.6769E-26     7.6040E-21    T       1.1143E-04       3.9494E-04       T
  2     1.6732E-31     5.7987E-29     1.7483E-20    T       1.5782E-04       4.5742E-04       T
  3     2.4650E-31     1.0951E-26     9.4741E-22    T       1.3041E-04       4.3579E-04       T
  4     5.6112E-31     1.7003E-26     8.1548E-22    T       1.2168E-04       4.0149E-04       T
  5     7.0686E-31     4.3869E-26     3.4831E-22    T       9.7494E-05       3.2500E-04       T
  6     2.3361E-30     2.5197E-26     2.7639E-22    T       9.6600E-05       3.1120E-04       T
  7     2.9506E-30     3.4667E-27     4.6760E-20    T       2.1846E-04       5.4979E-04       T
  8     6.7284E-30     2.5560E-27     5.4238E-22    T       1.1540E-04       3.8478E-04       T
  9     1.4816E-29     1.6677E-26     3.5259E-19    T       2.9331E-04       8.0015E-04       T
 10     1.7330E-29     9.9716E-27     3.5227E-22    T       1.2116E-04       5.0249E-04       T
 11     3.9208E-29     4.3279E-27     3.9451E-22    T       1.2263E-04       3.8489E-04       T
 12     9.4388E-29     1.4918E-27     4.5168E-22    T       1.2230E-04       4.0934E-04       T
 13     3.7953E-28     6.7685E-26     4.1026E-22    T       1.6409E-04       5.5118E-04       T
 14     8.9031E-28     2.7075E-26     4.7982E-22    T       9.9559E-05       3.3269E-04       T
 15     8.9168E-28     7.1244E-26     4.9675E-22    T       1.3049E-04       5.1499E-04       T
 16     1.1701E-27     4.0037E-27     3.6370E-22    T       1.1638E-04       4.6433E-04       T
 17     1.8575E-27     1.0351E-26     9.0756E-22    T       1.6888E-04       5.5449E-04       T
 18     1.9577E-27     1.7498E-26     5.3499E-22    T       1.2223E-04       4.4780E-04       T
 19     2.0728E-27     2.8439E-25     9.0927E-22    T       2.3919E-04       6.9910E-04       T
 20     2.1746E-27     1.2886E-26     6.9546E-22    T       1.2497E-04       3.7711E-04       T
 21     2.3062E-27     1.7644E-26     7.6395E-22    T       1.5714E-04       4.5921E-04       T
 22     2.8241E-27     1.5556E-25     4.1816E-22    T       1.1368E-04       3.9402E-04       T
 23     3.9591E-27     1.2815E-26     5.5296E-22    T       1.0822E-04       3.8332E-04       T
 24     4.1143E-27     3.7978E-27     6.4140E-22    T       1.3285E-04       4.1661E-04       T
 25     7.0200E-27     5.3075E-27     4.1705E-22    T       1.5967E-04       5.0901E-04       T
 26     7.8112E-27     1.3487E-25     8.5788E-22    T       1.5101E-04       4.4970E-04       T
 27     2.0630E-26     7.0993E-26     9.6208E-22    T       1.9315E-04       5.5652E-04       T
 28     3.0917E-26     9.4152E-27     5.9665E-22    T       1.7259E-04       5.3638E-04       T
 29     4.2662E-26     2.4652E-28     6.8094E-22    T       2.4327E-04       6.5557E-04       T
 30     5.7569E-26     3.1595E-27     6.5588E-22    T       1.2748E-04       4.3543E-04       T
 31     5.8399E-26     2.5402E-27     5.8118E-22    T       9.5994E-05       3.0266E-04       T
 32     9.4835E-26     1.0830E-25     4.9374E-22    T       1.5490E-04       4.9776E-04       T
 33     1.0457E-25     2.7179E-28     7.6560E-22    T       2.0575E-04       6.2485E-04       T
 34     1.1163E-25     1.4864E-26     7.7343E-22    T       1.4234E-04       5.0306E-04       T
 35     1.2281E-25     2.0911E-26     7.5294E-22    T       1.0189E-04       3.6874E-04       T
 36     1.2679E-25     1.9395E-26     4.3120E-22    T       1.1245E-04       3.6838E-04       T
 37     2.5566E-25     1.6742E-25     7.6379E-22    T       1.4669E-04       4.6514E-04       T
 38     2.6023E-25     2.5447E-26     8.1440E-22    T       2.3641E-04       6.8023E-04       T
 39     2.8473E-25     8.6297E-26     6.7878E-22    T       1.5612E-04       4.9387E-04       T
 40     3.2230E-25     4.1845E-25     1.0535E-21    T       2.0725E-04       6.3138E-04       T
 41     3.6918E-25     3.7304E-27     4.7469E-22    T       1.0446E-04       3.7369E-04       T
 42     5.8777E-25     1.6575E-25     1.4033E-21    T       2.0455E-04       6.5745E-04       T
 43     6.2169E-25     1.3521E-25     9.0148E-22    T       2.1668E-04       6.0421E-04       T
 44     7.2357E-25     1.1683E-25     9.3344E-22    T       1.8259E-04       5.6799E-04       T
 45     7.7918E-25     6.2124E-27     1.2099E-21    T       2.5777E-04       6.6715E-04       T
 46     8.3760E-25     1.8508E-27     4.1051E-20    T       2.0910E-04       5.6178E-04       T
 47     9.4317E-25     3.6578E-25     8.0755E-22    T       1.9746E-04       7.2631E-04       T
 48     9.7020E-25     3.5410E-25     1.2124E-21    T       2.3612E-04       7.2657E-04       T
 49     1.0633E-24     2.7115E-25     1.0483E-21    T       2.2758E-04       6.8863E-04       T
 50     1.7465E-24     1.4105E-25     1.0314E-21    T       1.3770E-04       4.8005E-04       T
 51     1.9177E-24     4.8784E-25     2.4424E-21    T       2.7553E-04       8.4212E-04       T
 52     3.1035E-24     5.3763E-27     1.2959E-21    T       1.5966E-04       6.0789E-04       T
 53     3.2357E-24     4.8598E-25     6.5310E-22    T       1.5849E-04       5.0898E-04       T
 54     3.7148E-24     2.5943E-25     2.1637E-21    T       2.1133E-04       6.5124E-04       T
 55     4.7416E-24     1.4742E-24     2.3528E-21    T       1.7592E-04       5.2087E-04       T
 56     6.6787E-24     2.4181E-24     3.0477E-21    T       1.6393E-04       5.8731E-04       T
 57     7.6433E-24     1.5269E-24     1.8093E-21    T       1.4717E-04       4.7974E-04       T
 58     7.7023E-24     2.3579E-24     2.1281E-21    T       1.3595E-04       4.1591E-04       T
 59     8.8555E-24     1.9749E-24     1.9916E-20    T       3.1821E-04       9.9517E-04       T
 60     1.1224E-23     1.9571E-26     1.0449E-21    T       2.2407E-04       6.8342E-04       T
 61     2.6953E-23     1.0655E-23     7.5159E-21    T       2.3626E-04       6.7781E-04       T
 62     3.2709E-23     1.4098E-23     9.3529E-21    T       1.1481E-04       3.7191E-04       T
 63     3.6329E-23     2.0400E-23     8.2805E-21    T       2.3524E-04       7.6891E-04       T
 64     4.1677E-23     1.4471E-23     1.2075E-20    T       2.4490E-04       7.5391E-04       T
 65     4.2329E-23     1.2139E-25     3.2003E-21    T       2.3686E-04       6.2591E-04       T
 66     1.0650E-22     4.1161E-23     3.3095E-20    T       2.0708E-04       6.0475E-04       T
 67     1.1697E-22     4.4490E-23     3.5941E-20    T       2.0218E-04       6.8947E-04       T
 68     1.3615E-22     4.7520E-23     3.9859E-20    T       2.1626E-04       7.2482E-04       T
 69     1.5712E-22     2.7049E-24     2.0059E-20    T       1.8111E-04       6.6125E-04       T
 70     1.6366E-22     7.2814E-23     4.5289E-20    T       1.5907E-04       4.8274E-04       T
 71     2.7230E-22     1.1724E-22     6.7521E-20    T       1.5670E-04       4.8234E-04       T
 72     3.5406E-22     1.3548E-22     1.0469E-19    T       2.4397E-04       6.9349E-04       T
 73     4.3415E-22     1.7609E-22     1.1211E-19    T       1.4206E-04       4.3904E-04       T
 74     5.2527E-22     2.1770E-22     1.3098E-19    T       1.3977E-04       4.4349E-04       T
 75     6.0732E-22     2.4227E-22     1.6238E-19    T       1.5546E-04       5.6205E-04       T
 76     8.1331E-22     3.2074E-22     2.2310E-19    T       2.6812E-04       8.7755E-04       T
 77     8.2891E-22     3.4579E-22     2.2168E-19    T       1.7534E-04       6.1502E-04       T
 78     1.4928E-21     4.0097E-23     1.6494E-19    T       2.6565E-04       8.2628E-04       T
 79     1.6925E-21     3.4283E-22     3.1407E-19    T       2.4862E-04       7.6964E-04       T
 80     2.1036E-21     8.6567E-22     5.4800E-19    T       1.8948E-04       6.8937E-04       T
 81     2.5179E-21     9.8042E-22     7.0691E-19    T       1.9310E-04       6.4236E-04       T
 82     5.7517E-21     2.2451E-21     1.5457E-18    T       2.5433E-04       7.1251E-04       T
 83     2.7927E-24     2.8356E-24     3.4946E-21    T       2.7198E-04       8.1840E-04       T
 84     7.5524E-23     2.2865E-23     1.9263E-20    T       2.6852E-04       8.7581E-04       T
 85     2.1971E-22     5.0042E-23     7.3331E-20    T       2.8398E-04       8.8633E-04       T
 86     7.1900E-22     2.9528E-22     2.0671E-19    T       2.5299E-04       7.6333E-04       T
 87     1.2536E-21     4.6043E-22     3.1897E-19    T       2.5481E-04       7.6486E-04       T
 88     9.4563E-22     3.8955E-22     2.4792E-19    T       2.5858E-04       7.1991E-04       T
 89     1.6688E-21     5.7206E-22     4.5826E-19    T       3.0764E-04       9.1874E-04       T
 90     4.0530E-21     1.5498E-21     1.0519E-18    T       2.1350E-04       7.1229E-04       T
 91     4.5793E-24     4.4001E-26     2.5502E-20    T       2.9942E-04       1.0012E-03       T
 92     1.1605E-23     2.5462E-24     4.2260E-21    T       2.4726E-04       7.3526E-04       T
 93     2.6971E-24     1.6181E-25     3.9585E-20    T       2.9101E-04       1.0677E-03       T
 94     3.5484E-27     6.9826E-26     2.3197E-21    T       1.5494E-04       5.2842E-04       T
 95     1.9268E-21     1.1167E-22     3.4778E-19    T       2.8374E-04       1.0076E-03       T
 96     9.7469E-23     3.8226E-23     2.7479E-20    T       2.7910E-04       8.0643E-04       T
 97     6.5300E-22     2.1990E-22     1.9293E-19    T       2.5940E-04       8.5273E-04       T
 98     1.1767E-22     4.6399E-23     3.2167E-20    T       2.3863E-04       6.9986E-04       T
 99     1.0315E-24     1.0706E-24     5.1571E-19    T       2.8184E-04       8.4661E-04       T
100     5.4189E-21     1.8310E-21     1.5620E-18    T       2.7363E-04       8.3281E-04       T
101     2.2633E-27     1.4918E-27     2.3425E-21    T       1.5785E-04       4.8999E-04       T
102     7.5053E-22     2.5308E-22     2.1455E-19    T       2.9266E-04       9.6860E-04       T
103     2.9182E-22     1.0071E-22     9.6011E-20    T       2.6969E-04       8.5487E-04       T
104     2.5122E-23     8.3734E-24     8.0712E-21    T       2.2810E-04       7.4812E-04       T
105     4.8159E-22     1.9682E-22     1.2070E-19    T       1.2975E-04       4.1535E-04       T
106     4.3021E-29     1.3847E-27     5.8899E-17    T       3.2086E-04       1.1014E-03       T
107     2.5285E-22     4.5425E-23     1.5149E-19    T       3.1711E-04       1.0793E-03       T
108     5.6571E-21     2.0208E-21     1.5670E-18    T       2.6692E-04       7.5497E-04       T
109     1.7347E-21     5.5701E-22     4.6821E-19    T       2.6840E-04       8.3856E-04       T
110     6.9500E-22     1.8377E-22     2.2063E-19    T       2.7457E-04       9.3626E-04       T
111     5.4405E-21     3.7611E-23     5.8331E-19    T       1.8974E-04       6.2631E-04       T
112     2.1814E-21     8.4264E-22     6.1028E-19    T       2.6127E-04       7.6540E-04       T
113     1.3092E-23     6.5594E-24     3.0012E-21    T       1.5382E-04       6.0049E-04       T
114     1.0510E-23     4.3776E-25     2.7368E-21    T       9.9328E-05       3.9087E-04       T

*** CENTERS OF MASS ***
IS   = solution counter
FCT  = objective function at the solution
(XMC,YCM) = X and Y coordinates of the center of mass

IS        FCT             XCM           YCM
  1     1.2456E-31    -3.2907E-12    -4.6056E-12
  2     1.6732E-31    -9.2126E-13    -2.7555E-12
  3     2.4650E-31    -2.9373E-12    -3.1736E-12
  4     5.6112E-31    -3.1154E-12    -2.9645E-12
  5     7.0686E-31    -2.9212E-12    -2.9283E-12
  6     2.3361E-30    -2.9312E-12    -2.9226E-12
  7     2.9506E-30    -3.5199E-12    -7.9697E-13
  8     6.7284E-30    -2.9188E-12    -2.9531E-12
  9     1.4816E-29    -6.5472E-12    -1.6248E-12
 10     1.7330E-29    -3.5088E-12    -3.4240E-12
 11     3.9208E-29    -3.0417E-12    -3.0182E-12
 12     9.4388E-29    -3.0121E-12    -3.0144E-12
 13     3.7953E-28    -2.6118E-12    -2.6108E-12
 14     8.9031E-28    -3.2968E-12    -3.2706E-12
 15     8.9168E-28    -3.1691E-12    -3.1904E-12
 16     1.1701E-27    -3.1424E-12    -3.2376E-12
 17     1.8575E-27    -2.7128E-12    -2.5286E-12
 18     1.9577E-27    -2.6531E-12    -2.7664E-12
 19     2.0728E-27    -3.1588E-12    -2.8280E-12
 20     2.1746E-27    -2.7440E-12    -2.5902E-12
 21     2.3062E-27    -4.1436E-12    -3.0180E-12
 22     2.8241E-27    -2.7811E-12    -2.8268E-12
 23     3.9591E-27    -3.0414E-12    -3.1283E-12
 24     4.1143E-27    -4.2845E-12    -2.6129E-12
 25     7.0200E-27    -2.7887E-12    -2.8032E-12
 26     7.8112E-27    -3.1034E-12    -3.2409E-12
 27     2.0630E-26    -3.6323E-12    -3.6961E-12
 28     3.0917E-26    -2.6247E-12    -2.6132E-12
 29     4.2662E-26    -1.4510E-12    -2.5042E-12
 30     5.7569E-26    -3.4086E-12    -3.4081E-12
 31     5.8399E-26    -3.1191E-12    -3.1326E-12
 32     9.4835E-26    -3.0650E-12    -3.7268E-12
 33     1.0457E-25    -3.7490E-12    -3.8376E-12
 34     1.1163E-25    -3.5463E-12    -3.6578E-12
 35     1.2281E-25    -2.9843E-12    -2.8809E-12
 36     1.2679E-25    -2.7999E-12    -3.1881E-12
 37     2.5566E-25    -3.8089E-12    -3.2192E-12
 38     2.6023E-25    -1.6758E-12    -4.0278E-12
 39     2.8473E-25    -3.3675E-12    -2.7398E-12
 40     3.2230E-25    -2.4368E-12    -3.1520E-12
 41     3.6918E-25    -3.1308E-12    -3.1428E-12
 42     5.8777E-25    -2.2713E-12    -4.2457E-12
 43     6.2169E-25    -3.5251E-12    -3.6412E-12
 44     7.2357E-25    -2.9384E-12    -3.8189E-12
 45     7.7918E-25    -3.7457E-12    -5.3154E-12
 46     8.3760E-25    -2.4727E-12    -2.4166E-12
 47     9.4317E-25    -3.1424E-12    -2.9715E-12
 48     9.7020E-25    -2.1695E-12    -3.0352E-12
 49     1.0633E-24    -4.7774E-12    -2.7708E-12
 50     1.7465E-24    -2.8265E-12    -3.5683E-12
 51     1.9177E-24    -1.6195E-12    -1.4093E-12
 52     3.1035E-24    -3.3165E-12    -3.3898E-12
 53     3.2357E-24    -3.1584E-12    -2.8691E-12
 54     3.7148E-24    -2.3519E-12    -3.1457E-12
 55     4.7416E-24    -2.2921E-12    -2.3621E-12
 56     6.6787E-24    -2.7887E-12    -3.1011E-12
 57     7.6433E-24    -2.5563E-12    -2.7003E-12
 58     7.7023E-24    -2.5513E-12    -2.5062E-12
 59     8.8555E-24    -1.4438E-13    -1.4488E-12
 60     1.1224E-23    -2.3024E-12    -3.6533E-12
 61     2.6953E-23    -5.6571E-12    -2.7547E-12
 62     3.2709E-23    -2.4498E-12    -3.0132E-12
 63     3.6329E-23    -2.4490E-12    -6.7169E-12
 64     4.1677E-23    -3.4516E-12    -4.2562E-12
 65     4.2329E-23    -4.6666E-12    -4.7503E-12
 66     1.0650E-22    -1.6881E-12    -5.5070E-12
 67     1.1697E-22    -2.8616E-12    -3.1257E-12
 68     1.3615E-22    -7.2590E-12    -2.3114E-12
 69     1.5712E-22    -2.2263E-12    -5.6898E-12
 70     1.6366E-22    -2.9176E-12    -1.8392E-12
 71     2.7230E-22    -4.0874E-12    -2.8933E-12
 72     3.5406E-22    -5.1007E-12    -3.8720E-12
 73     4.3415E-22    -3.3597E-12    -3.3995E-12
 74     5.2527E-22    -4.5879E-12    -3.0330E-12
 75     6.0732E-22    -3.2981E-12    -4.6573E-12
 76     8.1331E-22    -3.3253E-12    -1.5669E-12
 77     8.2891E-22    -3.5825E-12    -3.5812E-12
 78     1.4928E-21    -5.0271E-12    -4.8223E-12
 79     1.6925E-21    -6.5652E-12    -3.9162E-12
 80     2.1036E-21    -3.0625E-12    -5.3956E-12
 81     2.5179E-21    -4.0749E-12    -1.2511E-12
 82     5.7517E-21    -4.6334E-12    -3.6808E-12
 83     2.7927E-24    -7.2727E-12    -1.6385E-12
 84     7.5524E-23    -5.2542E-12    -9.6230E-12
 85     2.1971E-22    -7.9183E-12    -3.6470E-13
 86     7.1900E-22    -5.2987E-12    -2.4732E-12
 87     1.2536E-21    -5.4404E-12    -3.1274E-12
 88     9.4563E-22    -3.8761E-12    -5.6274E-12
 89     1.6688E-21    -1.2094E-11    -1.1000E-11
 90     4.0530E-21    -5.1504E-12    -7.8395E-12
 91     4.5793E-24    -1.9782E-11    -1.0351E-11
 92     1.1605E-23    -5.8557E-12    -2.5438E-12
 93     2.6971E-24    -1.5486E-11    -1.6593E-11
 94     3.5484E-27    -6.1432E-12    -5.7561E-12
 95     1.9268E-21    -1.3913E-11    -9.6409E-12
 96     9.7469E-23    -8.4221E-12    -4.9992E-12
 97     6.5300E-22    -3.0554E-12    -1.0152E-11
 98     1.1767E-22    -3.2273E-12    -3.8028E-12
 99     1.0315E-24    -5.4524E-12    -5.9693E-12
100     5.4189E-21    -2.0313E-12    -2.8286E-12
101     2.2633E-27    -4.0503E-12    -3.0585E-12
102     7.5053E-22    -1.2069E-11    -9.9409E-12
103     2.9182E-22    -8.8230E-12    -6.7696E-12
104     2.5122E-23    -4.1623E-12    -3.6858E-12
105     4.8159E-22    -3.4290E-12    -3.3147E-12
106     4.3021E-29    -1.9345E-11    -3.2572E-11
107     2.5285E-22     6.3111E-13    -2.1497E-11
108     5.6571E-21    -4.7673E-12    -4.9066E-12
109     1.7347E-21    -4.1133E-12    -5.0363E-12
110     6.9500E-22    -4.0890E-12    -5.4665E-12
111     5.4405E-21    -2.4369E-12    -5.6747E-12
112     2.1814E-21    -4.9526E-12    -4.3757E-12
113     1.3092E-23    -4.7318E-12    -4.7319E-12
114     1.0510E-23    -3.3537E-12    -2.8916E-12

*** DEGENERATE SOLUTIONS ***
Number of degenerate solutions =   0

*** MORSE_INDEX and ISOTROPY_INDEX ***
IS    = solution counter
MORSE = Morse index
ISOTROPY = isotropy index

  IS       MORSE   ISOTROPY
   1         2         2
   2         2         2
   3         3         2
   4         3         1
   5         0         1
   6         1         1
   7         4         2
   8         2         1
   9         5         2
  10         1         1
  11         1         1
  12         2         1
  13         2         1
  14         3         1
  15         2         1
  16         3         1
  17         4         0
  18         2         1
  19         4         0
  20         3         1
  21         3         0
  22         1         1
  23         2         1
  24         3         1
  25         3         1
  26         4         1
  27         3         1
  28         3         1
  29         4         1
  30         4         1
  31         2         1
  32         3         0
  33         4         0
  34         3         0
  35         2         1
  36         2         1
  37         4         0
  38         4         0
  39         2         0
  40         3         1
  41         3         1
  42         4         0
  43         4         1
  44         3         1
  45         6         0
  46         5         5
  47         4         1
  48         5         0
  49         5         0
  50         3         1
  51         5         1
  52         5        10
  53         3         1
  54         4         0
  55         4         1
  56         4         1
  57         3         0
  58         5         1
  59         7         2
  60         3         1
  61         5         1
  62         5         1
  63         5         1
  64         5         0
  65         5         1
  66         5         1
  67         4         1
  68         6         0
  69         5         0
  70         4         1
  71         4         1
  72         5         0
  73         5         0
  74         4         1
  75         6         1
  76         6         0
  77         5         1
  78         6         1
  79         4         1
  80         5         1
  81         6         1
  82         5         1
  83         6         1
  84         5         0
  85         7         0
  86         5         0
  87         6         1
  88         5         1
  89         6         1
  90         6         1
  91         7         1
  92         5         0
  93         8         1
  94         6         1
  95         6         1
  96         6         1
  97         6         1
  98         6         1
  99         7         2
 100         6         0
 101         7         1
 102         7         1
 103         7         1
 104         6         1
 105         4         1
 106         9         2
 107         8         1
 108         7         1
 109         7         0
 110         8         1
 111         6         1
 112         6         1
 113         8        11
 114         4         5

*** Residual of Morse Equation ***
RESMORES =  1.1869E-13
