*** NUMBER OF MASSES AND MASSES ***
N = 8
M = 1.0000E-01

*** SX and SY ***
(SX,SY) = diagonal elements of the S matrix

SX =    1.0000E+00
SY =    1.0000E+00

*** COORDINATES ***
IS   = solution counter
FCT  = objective function at the solution
FCT0 = objective function at the rotated solution for testing purposes
(X1,Y1) = X and Y coordinates of each point mass
  
IS        FCT             FCT0                 X1                          Y1...
  1     9.0071E-33     8.6724E-24     -6.5919802897266999E-01     -1.1870266611284261E+00     -6.6354396653916381E-01      1.0208371434027583E+00      6.5919802897209068E-01      1.1870266611124740E+00     -1.2173080769465932E+00      2.3666742202716959E-02      2.1252719990869423E-01      3.8270055646727891E-01      1.2173080769409974E+00     -2.3666742199426619E-02      6.6354396654156877E-01     -1.0208371433990222E+00     -2.1252719992530025E-01     -3.8270055648210805E-01
  2     1.5263E-32     4.5751E-24     -1.0836051891801122E+00      4.3514223517548012E-01      1.0836051891544194E+00     -4.3514223523210849E-01      1.0806087393724459E+00      7.3992968645460888E-01      1.6914520044855952E-01      4.2121081821769740E-01     -1.6914520041667527E-01     -4.2121081812693989E-01     -1.0806087393194574E+00     -7.3992968651060087E-01      2.6874887691117699E-01     -1.2817898539253556E+00     -2.6874887698954941E-01      1.2817898539261572E+00
  3     1.7533E-32     4.7785E-24     -6.4387625405190455E-02      1.1934930507804287E+00      5.7584847344821199E-01     -1.0473633391526618E+00      0.0000000000000000E+00      0.0000000000000000E+00     -4.5982598152054027E-01     -1.1032368264779788E+00      1.1778972827406848E+00     -2.0280389512850383E-01     -9.7325546901559701E-01      6.9379047312861042E-01      8.9296541340188851E-01      7.9447101837133849E-01     -1.1492420936654071E+00     -3.2835048153718321E-01
  4     1.2478E-31     7.0987E-24      6.1700605807902431E-01      1.2165503482655591E+00      1.2165503482660642E+00     -6.1700605808402420E-01      2.4849888887141938E-01     -7.5997176042944059E-01     -2.4849888887822447E-01      7.5997176042490711E-01      7.5997176042574399E-01      2.4849888887225316E-01     -1.2165503482712980E+00      6.1700605807953268E-01     -6.1700605808453302E-01     -1.2165503482718032E+00     -7.5997176042860326E-01     -2.4849888887739044E-01
  5     1.4967E-31     4.3596E-22      1.4788501517670252E-01     -1.7507378267631015E+00      5.7761034027575014E-02     -6.8380442105101891E-01     -1.8995967625468475E-02      2.2488390076666911E-01      9.9277808029743730E-02     -1.1753010517537512E+00     -9.9277808026996789E-02      1.1753010517212314E+00     -1.4788501517422065E-01      1.7507378267337197E+00      1.8995967628450326E-02     -2.2488390080196946E-01     -5.7761034024669200E-02      6.8380442101661865E-01
  6     3.0781E-31     8.5607E-23     -8.3031401731768262E-01      8.0088933623951464E-01      2.1860204002323924E-01      2.2663348084958157E-01      1.1360589875410019E+00      1.1777978044921666E+00     -6.5574046859260904E-01     -6.7983237903575278E-01      8.3031401732527721E-01     -8.0088933623155512E-01      6.5574046857059032E-01      6.7983237901300009E-01     -2.1860204004784256E-01     -2.2663348087508081E-01     -1.1360589875599891E+00     -1.1777978045117026E+00
  7     1.4655E-30     1.0731E-23     -1.0723585193166375E-01     -6.3331909114734164E-01      1.4245099022738421E+00     -2.4120310771350001E-01      2.4120310770261241E-01      1.4245099022746042E+00      1.0723585192973463E-01      6.3331909113990725E-01      6.3331909114086615E-01     -1.0723585193070703E-01     -2.4120310771274270E-01     -1.4245099022803471E+00     -1.4245099022811123E+00      2.4120310770184483E-01     -6.3331909114638163E-01      1.0723585193069471E-01
  8     9.6222E-30     1.2884E-23     -8.6801890661511671E-01     -7.0465819924675421E-01     -1.1120506461709738E+00      1.1551346395596644E-01      1.1551346395625560E-01      1.1120506461663591E+00      8.6801890661080516E-01      7.0465819924185713E-01      7.0465819924046480E-01     -8.6801890661651282E-01     -7.0465819924815376E-01      8.6801890660941161E-01     -1.1551346396335765E-01     -1.1120506461706758E+00      1.1120506461660757E+00     -1.1551346396365246E-01
  9     4.4766E-28     1.0331E-23      7.8968523220519360E-01      1.0872819003651777E+00     -6.9797091513894205E-01      1.0295172478689834E+00      1.0435150399524082E-01     -6.3065250155195673E-01     -6.1694747153126439E-01     -2.0743350236029034E-01      5.2117717617490866E-01     -1.3439365663761358E+00     -1.4337721959694225E+00     -2.4397016808137334E-01      1.5665430692713078E-01      4.4148911413482106E-01      1.1768223633153827E+00     -1.3229552401671268E-01
 10     6.3392E-28     8.7026E-24      1.0282500519424589E+00      7.7008440676871792E-01     -5.2176872836862653E-01     -3.2694004412347571E-01     -7.5472350209252304E-01      1.0395771247329078E+00      1.2878919372519717E+00     -4.0621205766925572E-01     -1.3504142178710388E+00     -7.4376086868901603E-03      1.0789913535129018E-01      7.1386457598404318E-01     -1.9897041816670202E-01     -1.3163954718480113E+00      4.0183574192915777E-01     -4.6654092517190016E-01
 11     1.4347E-27     7.6173E-24     -1.2761686764829198E-02     -7.2513763570394552E-01     -6.5018291613413592E-01     -3.2132479974761807E-01     -6.7253209241033607E-01      7.9483491652182070E-01      6.3113922631703923E-01     -1.2866346218921592E+00     -1.4329428159872779E+00      2.0982358441314502E-02      9.6093962376122455E-01      6.4247977012854862E-01      1.0059644553203921E+00     -2.6850972882669000E-01      1.7037620587808164E-01      1.1433097410641588E+00
 12     1.9313E-27     5.0685E-24     -5.9351843732387177E-01      5.1620318239653751E-01     -5.9625358735528000E-01     -7.0171645351286238E-01     -1.3513907943278878E+00     -4.6408670361568712E-02     -5.7751766961514038E-02      1.3678118483067532E+00      1.3591933085799721E+00      1.6382328548046837E-01      1.7236660158362066E-01     -1.3411564406645404E+00      6.0524876119242998E-01     -5.0239804740278682E-01      4.6210591459183542E-01      5.4384129573720452E-01
 13     3.8919E-27     6.1613E-24     -8.7456311188568447E-01     -8.7299719669676612E-01      9.3336190182676282E-01     -1.2006745500602691E+00      3.3038405842262858E-01      1.1131652436677932E+00      1.1137555421084859E+00      3.2838860849977319E-01     -1.1685299550121352E-01     -1.1664376888505971E-01      4.2768583825898254E-01     -6.1553875287905968E-01     -6.1477130250597634E-01      4.2878826728149938E-01     -1.1989999307363486E+00      9.3551214905968394E-01
 14     1.7555E-26     9.3920E-26     -3.3401951381546874E-01     -2.9881612458549522E-01      8.2190504235923098E-02      6.3973507274864450E-01     -1.1157120752214940E+00      4.7717488539499320E-01      1.4333239253162777E+00     -2.1605708070298624E-01      6.4490397713878611E-01      1.0728586241508303E-02     -5.5750055676934793E-02      1.4484440162793772E+00     -1.0054207848446417E+00     -8.9945625951988606E-01      3.5048402284849356E-01     -1.1617530958757460E+00
 15     2.6307E-25     1.6887E-23     -9.6875182185873709E-02     -6.4164456401303560E-01     -5.9858545861261814E-01      1.4395022630117140E+00      1.0081180330536461E-01      1.9659136001560765E-01     -1.1514190532811213E+00     -1.3449684879272006E-01      1.5294192519351288E+00     -1.6763375839585432E-01     -2.8161705183499958E-01      7.7772491589106751E-01      7.9712289407413661E-01     -6.4519300083739323E-02     -2.9885720341932132E-01     -1.4055240676552399E+00
 16     3.0923E-25     1.4747E-23     -1.2160307558648940E-02      1.4092152209301825E+00     -1.4648312268396884E+00     -2.4346366017348542E-01      4.4434085550731051E-01     -1.3373842440085333E+00      1.0760889579191164E+00     -3.2659856719756869E-01      9.1258767827895204E-01      6.5712844931653858E-01     -2.4532336184185927E-01      5.9588728476235608E-01     -3.9378615757205644E-02     -6.4320644635517421E-01     -6.7132397972934077E-01     -1.1157803729813509E-01
 17     5.7312E-25     6.7200E-23     -2.0519637989176789E-01     -3.0037257523240735E-01      9.5786281463157019E-01      5.7997695207119816E-02      1.5815249181162047E-01      1.1036383505757557E+00     -7.3746576488548210E-01     -6.1401070835926908E-01     -8.7133437349473630E-01      6.9556180825098990E-01     -1.2948440409371917E+00     -1.0134865305356129E+00      1.6375620062663923E+00      1.4888490010476396E-01      3.5526324642718266E-01     -7.8212940045546700E-02
 18     1.3900E-24     1.8635E-23     -7.3114868899136931E-01     -3.2602986205303258E-01     -8.1686377620627404E-01      8.0056060245354765E-01     -4.5598918182255789E-02     -3.6235593504779057E-01      1.3159834474375127E+00     -8.1094375819854148E-01      9.8974017007619886E-01      5.7321732599085640E-01     -1.4758709088596416E+00     -4.5961644151196590E-01      1.3618169091398571E-01      1.0821801464599139E+00      6.2757698377434123E-01     -4.9701207810154996E-01
 19     9.4462E-23     2.7919E-22     -6.8874272551759055E-02     -1.0837303485677814E+00     -1.4656834245752995E-01      5.1730321337271168E-01     -2.5217580385996702E-01      1.0562303241801354E+00      1.0805604215755489E+00      9.2557018678321584E-02     -3.8541604534691015E-01      1.6709874065593946E+00     -9.5624781991732258E-02     -1.7121916779493376E+00     -7.5443204643361905E-02     -6.4622005185865335E-03     -5.6457970722380367E-02     -5.3469373584162661E-01
 20     1.0633E-21     1.0978E-21      1.5631449113463931E+00     -4.8431660076436767E-01     -8.6824005360170120E-01     -1.1390468583089828E+00     -8.8123546730601288E-01      1.3789157460905928E+00      9.2415397748596639E-01     -2.7618588170227532E-01     -5.1121292967024867E-01      8.1792454169061846E-01      3.5037360958929598E-01     -6.7696573021578638E-02     -1.5812544778238305E-01      3.1990754142716793E-01     -4.1885860008690645E-01     -5.4950191542738702E-01

*** SOLUTION TESTS ***
IS   = solution counter
FCT  = objective function at the solution
FINERT  = residual of the normalization condition for the moment of inertia I=1
FALBOUY = residual of the Albouy-Chenciner equations
KRAWCZ  = logical flag indicating if there exists a unique stationary point in a 
          small box around the solution
EXISTSOL= logical flag indicating if global minima of F exist in a small box
          around the solution 
RMSQUAD = RMS of the relative quadratic approximation error
ERRMAXQUAD = maximum quadratic approximation error

IS        FCT            FINERT         FALBOUY   KRAWCZ      RMSQUAD        ERRMAXQUAD    EXISTSOL
  1     9.0071E-33     4.2457E-27     1.3664E-23    T       1.3346E-04       3.5364E-04       T
  2     1.5263E-32     3.6512E-26     3.1311E-23    T       1.1247E-04       2.9889E-04       T
  3     1.7533E-32     3.1595E-27     8.0303E-23    T       1.0899E-04       3.7449E-04       T
  4     1.2478E-31     9.0404E-26     3.2210E-23    T       1.0589E-04       3.2743E-04       T
  5     1.4967E-31     4.0043E-26     1.5663E-21    T       2.9276E-04       8.6745E-04       T
  6     3.0781E-31     2.8861E-26     4.2846E-22    T       2.6818E-04       6.9667E-04       T
  7     1.4655E-30     4.0896E-26     9.0978E-23    T       2.1727E-04       5.3568E-04       T
  8     9.6222E-30     1.2114E-26     6.5354E-23    T       1.0522E-04       4.3330E-04       T
  9     4.4766E-28     7.9075E-26     3.3602E-23    T       1.8115E-04       5.0609E-04       T
 10     6.3392E-28     7.1088E-27     2.8959E-23    T       1.2018E-04       3.9328E-04       T
 11     1.4347E-27     5.0142E-27     7.3542E-23    T       1.3573E-04       4.4552E-04       T
 12     1.9313E-27     1.6219E-27     3.1878E-23    T       1.0875E-04       3.3027E-04       T
 13     3.8919E-27     4.4133E-26     5.6170E-24    T       2.1391E-04       5.1154E-04       T
 14     1.7555E-26     2.9612E-26     7.8381E-23    T       1.8422E-04       5.2101E-04       T
 15     2.6307E-25     1.4164E-26     1.4060E-22    T       2.2122E-04       5.8556E-04       T
 16     3.0923E-25     5.4944E-25     6.6059E-23    T       1.8681E-04       6.1488E-04       T
 17     5.7312E-25     1.7966E-24     6.6443E-22    T       2.4770E-04       6.8110E-04       T
 18     1.3900E-24     1.3638E-24     5.1939E-22    T       2.0823E-04       5.7710E-04       T
 19     9.4462E-23     1.7066E-22     3.2091E-20    T       2.7553E-04       7.4494E-04       T
 20     1.0633E-21     2.0236E-21     3.1553E-19    T       2.4122E-04       6.8183E-04       T

*** CENTERS OF MASS ***
IS   = solution counter
FCT  = objective function at the solution
(XMC,YCM) = X and Y coordinates of the center of mass

IS        FCT             XCM           YCM
  1     9.0071E-33    -2.5470E-12    -2.9693E-12
  2     1.5263E-32    -2.3990E-12    -2.6327E-12
  3     1.7533E-32    -1.9937E-12    -1.9938E-12
  4     1.2478E-31    -2.5508E-12    -2.5508E-12
  5     1.4967E-31     1.3896E-12    -1.6450E-11
  6     3.0781E-31    -7.2518E-12    -7.4785E-12
  7     1.4655E-30    -3.1056E-12    -3.1056E-12
  8     9.6222E-30    -3.0001E-12    -3.0001E-12
  9     4.4766E-28    -2.7215E-12    -2.1858E-12
 10     6.3392E-28    -3.0015E-12    -1.7330E-12
 11     1.4347E-27    -2.4802E-12    -1.8212E-12
 12     1.9313E-27    -2.5869E-12    -2.5993E-12
 13     3.8919E-27    -1.5454E-12    -1.5506E-12
 14     1.7555E-26    -2.3823E-12    -2.4488E-12
 15     2.6307E-25    -2.4130E-12    -2.7750E-12
 16     3.0923E-25    -2.6705E-12    -2.9775E-12
 17     5.7312E-25    -9.0515E-12    -4.2758E-12
 18     1.3900E-24    -4.6878E-12    -1.0703E-12
 19     9.4462E-23     2.3852E-13    -1.0846E-11
 20     1.0633E-21    -3.1996E-12    -2.0265E-12

*** DEGENERATE SOLUTIONS ***
Number of degenerate solutions =   0

*** MORSE_INDEX and ISOTROPY_INDEX ***
IS    = solution counter
MORSE = Morse index
ISOTROPY = isotropy index

  IS       MORSE   ISOTROPY
   1         1         2
   2         1         2
   3         0         7
   4         3         4
   5         6         2
   6         4         2
   7         4         4
   8         3         8
   9         2         0
  10         2         1
  11         3         1
  12         2         1
  13         3         1
  14         3         1
  15         4         0
  16         3         1
  17         4         1
  18         3         1
  19         5         1
  20         5         1

*** Residual of Morse Equation ***
RESMORES =  3.4972E-15
