*** NUMBER OF MASSES AND MASSES ***
N = 9
M = 1.0000E-01

*** SX and SY ***
SX =    1.0000E+00
SY =    1.0000E+00

*** COORDINATES ***
IS   = solution counter
FCT  = objective function at the solution
FCT0 = objective function at the rotated solution for testing purposes
(X1,Y1) = X and Y coordinates of each point mass
  
IS        FCT             FCT0                 X1                          Y1...
  1     1.2697E-32     1.4201E-23      9.7454836798260702E-01     -5.4795572673400539E-01     -3.0164654943893776E-01      1.0765729697554298E+00      0.0000000000000000E+00      0.0000000000000000E+00     -5.4795572673320259E-01     -9.7454836798756606E-01      3.0164654943219987E-01     -1.0765729697605635E+00      5.4795572672807025E-01      9.7454836798341038E-01     -1.0765729697600754E+00     -3.0164654943844993E-01     -9.7454836798836919E-01      5.4795572672726733E-01      1.0765729697559183E+00      3.0164654943268787E-01
  2     3.3294E-32     3.1153E-23     -1.1288983005992574E+00     -7.2115180674774154E-02      7.0222701839571311E-01     -1.2154909274925207E+00     -7.0222701840524049E-01      1.2154909274811856E+00      6.2636470620590867E-01      9.4195500274342170E-01      1.1288983005971527E+00      7.2115180672481308E-02     -6.2636470621093177E-01     -9.4195500274361799E-01     -3.4303806162518125E-01      5.9376760044918653E-01      3.4303806162616152E-01     -5.9376760045614074E-01      0.0000000000000000E+00      0.0000000000000000E+00
  3     2.1073E-31     5.8574E-24     -2.6648396427618526E-01      2.8489065718636847E-01      6.1958686868715906E-01     -1.0788273992280448E+00     -4.0883148679487918E-01     -1.0481238890839606E+00     -1.0610131686939208E+00      6.4962104417255340E-01      7.8529543271288005E-01      7.6355620476293806E-01      1.1924058306935663E+00     -1.1258388555362643E-01     -7.9073610814937620E-02      1.1950958791798925E+00      2.7729932340739016E-01     -2.7437469818864729E-01     -1.0591852249408629E+00     -3.7925391326744845E-01
  4     4.5153E-31     3.6387E-25     -3.2726740559501599E-01     -1.1915523418872307E+00      1.1955483008076502E+00      3.1235428389413650E-01     -1.2244821736212914E+00     -1.6596488998068426E-01      5.0044213531848913E-01     -1.7055534613668330E-01     -1.0251580514840516E-01      5.1867327538284902E-01      4.6851127598297876E-01      1.1434151138181499E+00     -8.6828089525718488E-01      8.7919805797815298E-01      7.5597089762337444E-01     -9.7745022388201630E-01     -3.9792633013455436E-01     -3.4811792921063256E-01
  5     5.1340E-30     9.9362E-24     -2.2416829341105307E-01     -1.1517205192750080E+00     -1.2319963248971559E+00     -4.2386854311538258E-01      1.1095033744980323E+00      3.8172482283800907E-01      2.4891723623574283E-01      1.2788743863055327E+00      9.7257215489750928E-02      4.9968320226233898E-01     -4.8136695471117158E-01     -1.6561438181020272E-01      3.8410973930506770E-01     -3.3406882036848412E-01      9.8307908855606152E-01     -8.5500584329550833E-01     -8.8533508108938952E-01      7.6999569643458932E-01
  6     9.4229E-30     5.0317E-25     -1.3758325536768126E-01      5.6635215148153817E-01      1.1837801487048094E+00      4.0123820535337279E-01     -3.0968305052322120E-01     -3.0729266061272154E-01      4.1039881795971561E-01      1.1806355695641280E+00     -1.1803160254193192E+00     -3.0881893020714923E-01      5.6526906917927600E-01     -1.4196757050287462E-01     -3.1795547516820483E-01     -1.1778876717779678E+00      7.5329094478800829E-01     -9.7306734911482040E-01     -9.6720117417918083E-01      7.6080825579072475E-01
  7     1.4038E-29     2.8831E-23     -1.2952730092949440E+00     -1.6289436105875080E-02      2.7247412867770698E-01      3.1548596283406699E-01     -5.6095439695517080E-01      3.0959747177865249E-01      8.2051678983174969E-01      9.5004076430135598E-01      1.7238490175882773E-01     -1.2838539480722384E+00     -3.3912180662611024E-01      1.1790927639701800E+00     -6.7385601179126797E-01     -7.8022861738366722E-01      1.2158923284729108E+00     -1.6391824589193235E-01      3.8793707589981419E-01     -5.0992671545774848E-01
  8     6.0237E-29     1.1224E-23      7.6904020477542884E-02      6.8393907919635011E-02      8.4478027180195170E-01      7.5129783544860507E-01      3.3508391164811357E-02      1.1561505363902027E+00      1.1521571688916510E+00     -1.0168939593748454E-01     -1.4991950954860409E-01     -1.2385681820238190E+00     -7.4420887127696800E-01      7.4874631455397544E-01      6.5674806966358101E-01     -8.2652880206258250E-01     -1.2476010874447054E+00     -4.3043548519395873E-03     -6.2236845375289185E-01     -5.5349785946024566E-01
  9     1.0419E-28     4.5354E-23     -3.8386677790490875E-01     -9.8171146878257565E-01      2.4951681297583631E-02      1.0537971933470673E+00      9.0013929922249913E-01     -5.4850738655428022E-01      1.0421204600986145E+00      1.5841735305459800E-01     -6.5825368220433256E-01      8.2329411571735245E-01     -1.0334548321283501E+00      2.0756257144782123E-01     -9.2509098053068972E-01     -5.0528980680335367E-01      3.3697295630504148E-01     -9.9877942401400965E-01      6.9648187581272292E-01      7.9121685255556173E-01
 10     1.6230E-28     2.1178E-23      8.9298467533905690E-01      9.1532474666329366E-01      2.4680169033068580E-01     -7.5411078933041231E-01      1.1641883940370676E+00     -5.9670056327270304E-01      2.9403221351917589E-02      6.1334391067436589E-01     -6.2527910540320619E-01      1.1490919107568929E+00     -4.4773100359797702E-01     -1.1242245323572537E+00      6.1243032592644375E-01      4.4546583179195423E-02     -1.1128204600249414E+00     -4.7536772554201034E-01     -7.5997773798588109E-01      2.2809645920173402E-01
 11     2.5897E-28     1.1401E-23      1.0363229530809994E+00      3.7387840497225483E-01     -7.1764178861043315E-01      9.9637659751962970E-01     -5.5204108222754129E-02      3.9868661628105312E-01      1.0120146749047929E+00     -5.6846781224775289E-01     -1.0989229639936102E+00      7.8221761674627036E-02      5.1829862504590561E-02     -3.7431765811955897E-01      1.7117034051477512E-01     -1.2362000955612693E+00     -8.1947469142682561E-01     -8.2206483073242353E-01      4.1990572122934278E-01      1.1538870161880042E+00
 12     2.7319E-28     6.2243E-24     -1.4404887195990724E-02     -9.5587159647531406E-01     -8.4233169173615319E-01     -8.3934201948069953E-01     -9.5591677205068382E-01     -1.1006118097351275E-02      9.6246940112062906E-01      9.5905332632087159E-01      4.2800305835801511E-01      4.2648395503870945E-01     -2.5236739553921672E-01      6.2258445042486199E-01     -9.2601775398145170E-01      9.8218157726320510E-01      6.2168320251538334E-01     -2.5457944919482867E-01      9.7888283848504742E-01     -9.2950412582390052E-01
 13     3.3000E-28     1.3101E-21     -6.0645978317687321E-01     -3.9992901149254639E-01      3.9992901149360066E-01     -6.0645978315550275E-01      7.7313746117785709E-01     -1.1724000099453067E+00      6.0645978313824134E-01      3.9992901147222998E-01      0.0000000000000000E+00      0.0000000000000000E+00      1.1724000099395797E+00      7.7313746115109638E-01     -7.7313746113388759E-01      1.1724000099663412E+00     -1.1724000099720682E+00     -7.7313746116064808E-01     -3.9992901147117565E-01      6.0645978315961191E-01
 14     7.3913E-28     1.6259E-24      4.0809747729830803E-01      9.4742048322117778E-01     -1.2483323482472286E+00     -2.3139370244214408E-01     -4.9745005553233906E-01      1.2139858825836376E+00      3.9430003989002638E-01     -5.7191942541947660E-01     -5.4768973847623192E-01      4.2731756457829212E-01      1.1825618422071968E+00     -5.6812478402015587E-01      9.6982287965750991E-01      3.5155754165886177E-01     -3.5675529410151674E-01     -3.3631645323953757E-01     -3.0455480271872437E-01     -1.2325271069439421E+00
 15     1.9611E-27     1.0741E-21      1.0035760658153507E+00      3.5454860281288830E-01     -1.6807016620776966E-01      4.7573504689235951E-01      3.3990587862403027E-01     -9.6212875108051032E-01      0.0000000000000000E+00      0.0000000000000000E+00     -1.0035760658202788E+00     -3.5454860280783312E-01     -3.3990587862081101E-01      9.6212875106334594E-01      1.6807016621316284E-01     -4.7573504691059493E-01      5.3415195418449535E-01     -1.5119566470792363E+00     -5.3415195418365879E-01      1.5119566470634909E+00
 16     2.7873E-27     2.1000E-23     -3.3479052362697248E-01     -3.9692004906219996E-01     -4.0735168695537560E-01      1.2341700733048084E+00     -1.1591941019765042E+00      2.1621111982361407E-01      4.0856097942168984E-01     -1.1061447195050158E+00      1.2851827282826824E+00     -1.9343350700037182E-01      4.9284961357991636E-01     -1.0944292691085308E-01     -8.4344192950785768E-01     -9.9996561554589025E-01     -1.9097271455752940E-01      4.6734132938387840E-01      7.4915763531541579E-01      8.8818429548732125E-01
 17     8.8150E-27     1.9945E-23     -6.7997210724031407E-02     -6.5850224650724543E-01      2.0384421828614013E-01      2.4807382169054401E-01      1.0925527053671193E+00      4.7796099444504014E-01     -6.9186284595556780E-01      8.6595934348822268E-01      9.8366871634291686E-01     -5.1083817268794907E-01     -6.3282313362957232E-01     -1.9438032530602234E-01      2.1839926587385050E-01     -1.3460417823278297E+00      2.5706229693406912E-01      1.1644900608042998E+00     -1.3628440125174233E+00     -4.6721693620209157E-02
 18     3.8559E-26     2.4475E-23      1.1957200748677694E+00     -2.9672563719870432E-01     -7.7057479728974004E-02      1.1968408755869009E+00      1.8162294344102322E-02     -1.2504208025150632E+00      9.4584490870923421E-01      7.3738954788116529E-01      1.4571009910058130E-01      3.2440260676636090E-01     -9.4677624253682546E-01     -8.1700477285547557E-01     -1.0160546839897551E+00      6.9672482398797042E-01     -6.4207237475057655E-01     -6.6844844852979646E-02      3.7652340396020240E-01     -5.2436179682802331E-01
 19     7.3932E-26     1.0651E-22      2.6459174435519922E-01      1.0504793437597126E+00      1.5112324907225203E+00      1.7032875912123407E-01     -1.4328843091096821E+00     -5.0958618895646712E-01     -2.5880593893554249E-01     -1.6920880403551333E-01     -8.2680881531232608E-01     -3.1333274150559171E-01     -6.9842656084061161E-01      8.2807969541691184E-01      3.0679477417974121E-01     -3.8588857330440075E-02      2.5383080198627384E-01     -1.0991191332715491E+00      8.8047581288797117E-01      8.0947926776757051E-02
 20     1.1031E-25     6.6779E-24      8.8732413582482117E-01      1.1251153438495554E+00     -1.3784062996583053E+00     -1.9736280453680299E-01      5.1140080492255956E-02      6.4844950027359696E-02      1.0753876449151702E+00     -3.4503794057277193E-01     -6.7886863109415274E-01     -1.2414642235596034E-01      3.7494558073850832E-02     -6.8910747389820615E-01      1.2933385054060778E-01     -1.3864446468056391E+00     -5.8617347854568669E-01      9.6535507473707027E-01      4.6276813941746586E-01      5.8678391951855791E-01
 21     1.2011E-25     1.8888E-23      1.0912368198795519E+00      4.9532018411138662E-02     -2.5049534343363977E-01     -2.9311379579340890E-01     -1.2113180888061015E-01      1.0856234627098424E+00      6.6717543956408565E-01      7.8068647054130280E-01     -8.1182823203480592E-01     -9.4995001249970168E-01      3.3740797646177667E-01     -6.1292624108649785E-01      9.1975205161217688E-01     -1.0435124102553850E+00     -1.1740974762150036E+00      7.4589349316895437E-01     -6.5801942697277582E-01      2.3776701478789045E-01
 22     1.2253E-25     3.9013E-23     -3.3329185060726224E-01      5.8240895934254389E-01     -3.7792453784029172E-02     -1.2680561800141426E+00      3.6738507424848427E-01      5.6152636698040437E-01      1.2018319014717054E+00     -3.3838431415134429E-01      4.1276200181064637E-01     -4.7684286419994570E-01     -4.4042728851185226E-01     -4.5141487659669938E-01      1.0736849791417178E+00      7.9722273461941739E-01     -1.2198508943131436E+00     -2.6620980282299284E-01     -1.0243014694908430E+00      8.5974997682505228E-01
 23     2.2902E-25     3.2105E-23      1.3801873329508527E+00     -4.0483855861384538E-01     -1.0933201841124691E-01      7.6775080871852708E-01      4.3286066587224992E-01     -9.7072313843232583E-01     -9.9165810255922637E-01      3.8247349603939490E-01      3.2172291153538535E-01      3.3867977058360488E-01     -9.5307414114651590E-01     -4.2739557486258961E-01     -3.7792133978921616E-01     -9.7375189697423703E-01     -4.7513528884802436E-01      1.3575926450418470E+00      7.7234998037855673E-01     -6.9787551515980289E-02
 24     2.6033E-25     2.0317E-23      1.0723178684519060E-03      6.9130382058739226E-01      6.8126560380389312E-01     -1.1738526014028301E-01     -6.0041323462218299E-01      3.6544395207075964E-01      5.4763739135043410E-01      1.1979090802536847E+00     -1.3307347251377455E+00      1.6251584094432689E-01     -7.6213858746276741E-01     -6.4103938398492688E-01      1.2740234627806422E+00      3.3430090224834441E-01     -6.7883203252470131E-02     -1.3389018552391625E+00      2.5717097463005550E-01     -6.5414709677790339E-01
 25     7.6470E-25     3.5757E-23      5.2888574494340357E-01      1.2195817264570090E+00     -6.0172404831481363E-01      2.9027568884197069E-01      5.7202547463318443E-01     -1.0818250821397357E+00      5.1396157396871189E-01     -2.4793848665943793E-01     -4.2559294019271737E-01     -4.4959864904146662E-01     -6.2533714859500700E-01     -1.1730529269058250E+00      8.6985303584597828E-02      6.1294522831562315E-01     -1.2519667329468385E+00      6.0395709100301964E-01      1.2027627728918542E+00      2.2565541009743229E-01
 26     1.2200E-24     5.2784E-24      7.4132924345268192E-01     -2.6154601035696456E-01      5.9299344605643567E-02      7.7946460364604997E-01      1.3173023776140289E+00     -6.1569415385854720E-01      1.0608472822099141E-01     -1.0711336129009918E+00     -1.0562367239142683E+00      5.4371010051605451E-01     -9.0143930972456054E-01     -8.6253198204931214E-01     -2.9651187347849262E-02      1.4491181797591293E+00     -5.3411473853219593E-01     -1.4633938855615361E-01      2.9742626560944596E-01      1.8495226377498733E-01
 27     3.0234E-24     3.1314E-23     -1.2375314636399484E+00     -7.5047572986383049E-01     -7.1003370079965356E-01     -3.2312019022770522E-01      1.2989083202858325E+00      1.6403887454074892E-01      5.5174415684092581E-01      2.8619189242003873E-01     -1.6516207362109636E-01      1.4596776288556814E+00      7.5797520187518963E-01     -7.2173653176264663E-01     -1.1853208917164759E-01      7.9461524275776674E-01     -4.7918000755714910E-02     -1.0764356116057687E+00     -3.2945035104981157E-01      1.6724442484312979E-01
 28     3.1896E-24     2.8395E-23      1.0423778139147417E+00     -1.4533656782441159E-01      3.0479569103432463E-01      5.8739966269355093E-01     -4.0134110865301220E-01      4.7963740771292523E-01     -5.1723357419172356E-01     -3.5156245263358943E-01      6.9538571818899186E-01     -1.1426838939608712E+00     -1.2214985952491983E+00     -5.7944006196648634E-01      1.3249487597100670E-01     -6.4837017578727951E-01     -1.0164130283597610E+00      8.9146741913778182E-01      9.8143220731143443E-01      9.0888866260897172E-01
 29     5.2500E-24     4.0049E-23     -1.2969195899725683E+00     -6.5525337833513397E-01      1.5229969286488695E-01      1.2767006599778399E+00     -6.7064901518188635E-01     -4.0917357273166582E-01      1.0412682789091923E+00      4.2790116496807934E-01     -3.6801119765569643E-02     -3.0849710198847319E-01     -9.1139093105369362E-01      6.6083704984145297E-01      1.1063868815317850E+00     -9.4194770609367351E-01      6.0228548081052040E-02      5.0488497803622057E-01      5.5557725455054119E-01     -5.5545209369576831E-01
 30     5.3278E-24     8.8588E-23      1.0805184585046377E+00     -1.5244165931091710E-01      5.0626117924907232E-01      1.4286753261232297E+00     -7.0866768793023860E-01      9.9980224678913043E-02      9.1247668706652532E-02     -1.5129730440758804E+00     -1.0065255128798812E-02     -3.1261743083337612E-01      4.5685543477248909E-02     -8.8966239422334770E-01      2.9003396677420656E-01      8.4229842850205494E-01      7.6815498316806410E-02      3.0320017583319053E-01     -1.3718293719972314E+00      1.9354037324844026E-01
 31     7.0521E-24     3.4944E-23     -2.7276892156861537E-01     -6.4594510681842032E-01     -2.6732124142166402E-01      6.4821857383181791E-01      7.7762524356408502E-01     -7.9782067844275473E-01     -7.3503613587349373E-02      1.3604563503070901E+00     -8.4954273702548863E-02     -1.3597893343206557E+00     -4.9705967352378339E-01      2.0923335595492824E-03     -1.3028890910932980E+00      5.4844091091291484E-03      9.3655727740892913E-01     -3.9423641490603156E-03      7.8431429390515772E-01      7.9124581688581053E-01
 32     1.1370E-23     3.6394E-23     -7.7980549281847988E-01     -1.6595170043703475E-01      6.0772131120630435E-01     -6.6045101293019992E-01     -1.2777574864063654E+00      4.5052866476652226E-01      9.5085605662341555E-01     -2.4766489360373772E-02     -4.7518950897821588E-01      7.6139061140390341E-01      2.2882746574790358E-01      9.2324352710388069E-01      1.0178307728906546E+00      7.7520585852672541E-01     -3.6722798959954644E-01     -7.0765823471813050E-01      9.4744871307112774E-02     -1.3515412243832150E+00
 33     1.6476E-23     1.1580E-22     -1.0160724526833871E+00     -3.3181278303664902E-01      9.0865494307153216E-01      2.1126079257559872E-02      1.5331732546228147E+00     -4.6596493111508742E-02      4.8163969105866039E-01     -9.5421494438255972E-01     -6.2605589434473441E-01      6.5890373649752121E-01      3.6311517745693250E-01      1.6569110368132992E-01     -1.3873497866433110E-01      3.7424427803383087E-01     -1.1146324994845831E+00      1.0537484770975605E+00     -3.9108724107145632E-01     -9.4108945403899813E-01
 34     1.2807E-22     1.4085E-22     -6.9510403647486352E-01     -1.4010252641216013E-02     -3.2414442819441747E-01     -5.9211733606362493E-01     -1.2424968498026163E+00      5.0537803324177499E-01      6.2459689319494405E-01      1.1870484822653231E+00     -3.4680846020708050E-01      9.4990754988979553E-01     -1.4261623737353002E-01     -1.3153389453990882E+00      5.4061764622227082E-01      4.3714810910034629E-01      6.2940132444027830E-01     -2.4398057871132084E-01      9.5655414818220597E-01     -9.1403506171172377E-01
 35     6.8733E-22     7.3186E-22     -1.2875768448367602E+00      6.4714678568174111E-01     -3.3517191410948555E-01     -1.4015394684368321E+00     -1.8053994933390560E-01     -8.3930439621320449E-02      1.2988755865834110E+00     -4.1295908534175835E-01      2.5664476523151997E-01      6.1077881709757320E-01      6.3239196399517328E-01     -1.9747836037261579E-01     -7.0507188308260171E-01      3.3146757876468730E-01      5.2150067777453202E-01      1.2592259680697788E+00     -2.0105240224862181E-01     -7.5271179587381265E-01
 36     1.3648E-21     1.8496E-21      5.2746861435174361E-02      5.2350985513162818E-01     -8.7711070583080211E-02      4.1678229345277165E-02      1.4409652981533988E-01      1.0183689594451930E+00     -3.7256060356921139E-01     -3.7154191758391797E-01      2.3594488855811829E-01      1.5816840197038260E+00      6.0657908851081321E-01     -2.8823205797940021E-01      1.1966832374179732E+00     -5.6863561372879812E-01     -6.9852694680338601E-01     -7.5491671867289056E-01     -1.0772519848402426E+00     -1.1819147557608622E+00
 37     1.5020E-21     1.5024E-21     -5.8828923386034726E-01      6.9683993831777780E-01      9.2675374085625217E-01      5.2142639693213803E-02      1.5401163151750539E+00      6.2190285921019405E-02     -8.2629512041216088E-02     -1.3243213747161537E+00     -1.5445623362481120E-01      3.3725527489766283E-01      1.7512084872663390E-02     -6.2930282459580000E-01     -1.0241572337120808E+00      1.1365584806164606E+00      3.6017329732565584E-01      8.0257355760709900E-02     -9.9502322502889273E-01     -4.1161977591078358E-01
 38     1.3689E-24     1.8586E-22      1.2430830794920509E+00     -8.8179897174986388E-01      1.4211877080370730E-01      1.5174410117252608E+00      7.5740998472595877E-01     -5.3727973354554415E-01      8.6592905816201965E-02      9.2457615462035203E-01      3.1395726628854215E-01     -2.2271013028181935E-01      3.5893997358520585E-02      3.8325003344337777E-01     -8.4400289055908362E-01     -3.8729642109139822E-01     -1.3852018503165295E+00     -6.3564203999459845E-01     -3.4985126365747476E-01     -1.6053990317387198E-01
 39     6.7101E-22     1.4139E-21      1.9921359470877439E-01      1.1038846013994836E+00      8.1539263452310592E-02     -1.1187486840777940E+00      1.2959686808676033E-01      6.4655275184036398E-01      2.8657521885396170E-01      1.6339551589652537E+00     -1.0024800283040052E+00      5.3074957401190996E-02      6.0602002339794313E-02     -6.5662257537958768E-01      7.7680742037849929E-02      2.1228807480413450E-01      1.1244164385065158E-01     -1.6550805703598217E+00      5.4830694961441509E-02     -2.1930371473646809E-01
 40     9.6951E-21     9.9779E-21     -7.5673052459462375E-01      1.4179675340922835E+00     -3.5233682622354340E-01     -9.7433425406398610E-01      1.3337336958253123E+00     -8.9689879206151091E-01     -4.6865878018083851E-01      9.1556391676711169E-01      8.6320264737273056E-01     -5.5926695548356142E-01      4.6404139526037053E-01     -2.4108131857484311E-01      1.1452213698689816E-01      1.0342041227203401E-01     -1.9268041897579752E-01      4.8613668326763709E-01     -1.0050933254760337E+00     -2.5150722622919502E-01
 41     1.0919E-22     5.8877E-20     -2.7716458656115506E-01     -2.5655373461095760E-01      1.2389963840853844E+00      1.1468606197221667E+00     -5.6372338163510460E-01     -5.2180309411403480E-01      2.7716458651420811E-01      2.5655373456686376E-01      0.0000000000000000E+00      0.0000000000000000E+00      8.7354652622040596E-01      8.0858679111816412E-01      5.6372338158935342E-01      5.2180309407078973E-01     -8.7354652626449492E-01     -8.0858679115959586E-01     -1.2389963841295821E+00     -1.1468606197617690E+00
 42     4.5133E-22     4.4220E-22     -4.1370060023457783E-01     -7.7562647102044568E-01      5.7318890019281155E-01      6.6648262794566826E-01     -1.2056946443281735E+00     -5.7805236794849990E-01     -8.6378533716985395E-01      1.6315483488193430E-01      1.0223928668202671E-01      1.3331883753090643E+00      2.9059643687627246E-01     -8.2963746302133146E-01      8.7856252766077003E-01      2.9538006115695955E-02     -4.6486192738560211E-01      7.4608846469898360E-01      1.1034553576775421E+00     -7.5513600698985450E-01

*** SOLUTION TESTS ***
IS   = solution counter
FCT  = objective function at the solution
FINERT  = residual of the normalization condition for the moment of inertia I=1
FALBOUY = residual of the Albouy-Chenciner equations
KRAWCZ  = logical flag indicating if there exists a unique stationary point in a 
          small box around the solution
EXISTSOL= logical flag indicating if global minima of F exist in a small box
          around the solution 
RMSQUAD = RMS of the relative quadratic approximation error
ERRMAXQUAD = maximum quadratic approximation error

IS        FCT            FINERT         FALBOUY   KRAWCZ      RMSQUAD        ERRMAXQUAD    EXISTSOL
  1     1.2697E-32     2.0732E-29     1.1950E-22    T       1.0125E-04       5.1108E-04       T
  2     3.3294E-32     2.1321E-28     1.1648E-21    T       2.0798E-04       5.1781E-04       T
  3     2.1073E-31     9.0877E-28     7.0693E-23    T       1.0226E-04       3.1401E-04       T
  4     4.5153E-31     7.1244E-30     4.4933E-23    T       1.0573E-04       3.3783E-04       T
  5     5.1340E-30     3.5499E-28     3.5665E-23    T       1.3366E-04       4.0296E-04       T
  6     9.4229E-30     1.5075E-26     1.0545E-22    T       1.0721E-04       3.7790E-04       T
  7     1.4038E-29     1.0411E-27     9.8479E-23    T       1.1825E-04       3.6595E-04       T
  8     6.0237E-29     8.8246E-26     7.2594E-23    T       1.0700E-04       3.8969E-04       T
  9     1.0419E-28     6.3618E-27     2.5094E-22    T       1.4890E-04       5.2118E-04       T
 10     1.6230E-28     5.8769E-26     1.0067E-22    T       1.1016E-04       3.9984E-04       T
 11     2.5897E-28     8.7687E-26     8.7379E-23    T       1.0201E-04       3.3228E-04       T
 12     2.7319E-28     1.6415E-26     8.0330E-23    T       1.7228E-04       5.4625E-04       T
 13     3.3000E-28     4.7835E-27     6.8685E-20    T       2.4136E-04       5.9242E-04       T
 14     7.3913E-28     9.5989E-27     7.9566E-23    T       1.0945E-04       3.7836E-04       T
 15     1.9611E-27     1.1635E-26     6.4100E-20    T       2.8867E-04       8.2954E-04       T
 16     2.7873E-27     9.5068E-27     1.1299E-22    T       1.3591E-04       4.2150E-04       T
 17     8.8150E-27     1.2259E-25     1.4776E-22    T       1.7616E-04       4.9451E-04       T
 18     3.8559E-26     8.9087E-26     5.0243E-23    T       1.0462E-04       3.4002E-04       T
 19     7.3932E-26     4.1342E-26     2.7722E-22    T       2.5356E-04       6.7529E-04       T
 20     1.1031E-25     1.8359E-25     1.6652E-22    T       2.0308E-04       5.8509E-04       T
 21     1.2011E-25     1.9747E-28     1.3796E-22    T       1.8163E-04       4.6991E-04       T
 22     1.2253E-25     8.7501E-26     1.7869E-22    T       1.4758E-04       4.7678E-04       T
 23     2.2902E-25     1.9659E-26     2.5491E-22    T       1.8791E-04       5.9310E-04       T
 24     2.6033E-25     4.0256E-25     2.2414E-22    T       1.4356E-04       4.5077E-04       T
 25     7.6470E-25     1.1829E-24     3.2574E-22    T       2.0286E-04       6.2468E-04       T
 26     1.2200E-24     5.7934E-26     3.0614E-22    T       2.0691E-04       5.8352E-04       T
 27     3.0234E-24     3.8821E-24     1.3239E-21    T       2.2334E-04       6.8396E-04       T
 28     3.1896E-24     1.6742E-25     5.4635E-22    T       1.7689E-04       5.1145E-04       T
 29     5.2500E-24     6.3742E-26     9.2707E-22    T       2.1511E-04       5.5521E-04       T
 30     5.3278E-24     6.6498E-24     1.5271E-21    T       2.4688E-04       6.5749E-04       T
 31     7.0521E-24     2.7140E-25     8.1393E-22    T       1.6707E-04       4.7438E-04       T
 32     1.1370E-23     4.2810E-24     1.8576E-21    T       1.2512E-04       4.0971E-04       T
 33     1.6476E-23     1.3896E-23     4.2106E-21    T       2.4271E-04       7.1714E-04       T
 34     1.2807E-22     1.6124E-22     3.5753E-20    T       1.5008E-04       4.7122E-04       T
 35     6.8733E-22     8.0830E-22     1.9699E-19    T       2.3394E-04       5.8511E-04       T
 36     1.3648E-21     1.3106E-21     3.9980E-19    T       2.6338E-04       8.1236E-04       T
 37     1.5020E-21     1.5910E-21     4.2221E-19    T       2.4788E-04       7.3054E-04       T
 38     1.3689E-24     1.7560E-26     1.2926E-21    T       2.4019E-04       7.1061E-04       T
 39     6.7101E-22     3.8952E-22     2.1959E-19    T       2.9440E-04       9.0052E-04       T
 40     9.6951E-21     1.5889E-21     8.5609E-19    T       2.6687E-04       8.1093E-04       T
 41     1.0919E-22     2.7897E-25     4.8648E-18    T       3.0372E-04       9.6254E-04       T
 42     4.5133E-22     2.1571E-23     3.8107E-20    T       1.1838E-04       4.1449E-04       T

*** CENTERS OF MASS ***
IS   = solution counter
FCT  = objective function at the solution
(XMC,YCM) = X and Y coordinates of the center of mass

IS        FCT             XCM           YCM
  1     1.2697E-32    -2.4211E-12    -2.4210E-12
  2     3.3294E-32    -1.7417E-12    -2.3087E-12
  3     2.1073E-31    -2.1989E-12    -2.2195E-12
  4     4.5153E-31    -2.6621E-12    -2.6621E-12
  5     5.1340E-30    -2.6794E-12    -2.6795E-12
  6     9.4229E-30    -2.8664E-12    -2.8634E-12
  7     1.4038E-29    -2.9426E-12    -3.0229E-12
  8     6.0237E-29    -2.6257E-12    -2.6281E-12
  9     1.0419E-28    -3.5355E-12    -3.5354E-12
 10     1.6230E-28    -2.9815E-12    -2.9886E-12
 11     2.5897E-28    -2.1247E-12    -2.8262E-12
 12     2.7319E-28    -2.7135E-12    -2.7162E-12
 13     3.3000E-28    -5.2507E-13    -5.2494E-13
 14     7.3913E-28    -2.5555E-12    -2.5874E-12
 15     1.9611E-27     5.0233E-13    -5.1211E-12
 16     2.7873E-27    -2.7261E-12    -2.7454E-12
 17     8.8150E-27    -2.4999E-12    -2.3499E-12
 18     3.8559E-26    -2.6935E-12    -3.0943E-12
 19     7.3932E-26    -7.3840E-12    -2.7717E-12
 20     1.1031E-25    -3.7748E-12    -4.0930E-12
 21     1.2011E-25    -2.1382E-12    -1.7628E-12
 22     1.2253E-25    -3.8418E-12    -1.9674E-12
 23     2.2902E-25    -1.9095E-12    -1.7338E-12
 24     2.6033E-25    -4.6321E-12    -4.1964E-12
 25     7.6470E-25    -3.0694E-12    -3.4900E-12
 26     1.2200E-24    -1.7869E-12    -2.8609E-12
 27     3.0234E-24    -3.9916E-12    -4.7317E-12
 28     3.1896E-24    -3.6884E-12    -2.1565E-12
 29     5.2500E-24    -4.0289E-12    -2.3469E-12
 30     5.3278E-24    -3.0716E-12    -6.4103E-12
 31     7.0521E-24    -2.1208E-12    -4.1660E-12
 32     1.1370E-23    -3.0241E-12    -3.1024E-12
 33     1.6476E-23    -4.2836E-12    -2.1259E-13
 34     1.2807E-22    -1.4232E-12    -3.3037E-12
 35     6.8733E-22    -2.9710E-12    -3.6176E-12
 36     1.3648E-21    -6.5001E-12    -1.1105E-11
 37     1.5020E-21    -4.1914E-12    -1.7659E-12
 38     1.3689E-24    -5.3452E-12    -5.3450E-12
 39     6.7101E-22    -1.3846E-12    -1.5916E-11
 40     9.6951E-21    -6.1394E-13    -1.5589E-12
 41     1.0919E-22    -2.0109E-11    -1.8708E-11
 42     4.5133E-22    -3.1983E-12    -3.1984E-12

*** DEGENERATE SOLUTIONS ***
Number of degenerate solutions =   0

*** MORSE_INDEX and ISOTROPY_INDEX ***
IS    = solution counter
MORSE = Morse index
ISOTROPY = isotropy index

  IS       MORSE   ISOTROPY
   1         0         8
   2         3         2
   3         1         1
   4         2         3
   5         3         3
   6         1         1
   7         2         1
   8         1         1
   9         4         9
  10         3         1
  11         0         1
  12         3         1
  13         4         4
  14         2         1
  15         5         2
  16         2         1
  17         2         1
  18         2         1
  19         4         1
  20         4         1
  21         3         1
  22         3         1
  23         4         1
  24         4         1
  25         3         1
  26         3         0
  27         4         0
  28         4         1
  29         4         1
  30         5         1
  31         3         1
  32         4         1
  33         4         1
  34         3         1
  35         5         1
  36         6         1
  37         5         0
  38         6         3
  39         6         1
  40         5         1
  41         7         2
  42         3         3

*** Residual of Morse Equation ***
RESMORES =  4.9960E-16
