  1     1.4055E-34      0.0000000000000000E+00      1.9010463235538591E+00      1.0121010296675059E+00     -2.9527494812426518E+00     -1.0121010296703497E+00     -2.9527494812432216E+00      0.0000000000000000E+00     -3.0940281024627919E-01      0.0000000000000000E+00      4.3138554491507710E+00
  2     3.8643E-34      0.0000000000000000E+00     -1.7069064398922580E+00     -1.0650247096428362E+00      9.6868689672425023E-01      0.0000000000000000E+00      3.9981850884044112E+00      0.0000000000000000E+00     -4.2286524419820291E+00      1.0650247096399417E+00      9.6868689672373909E-01
  3     1.6588E-33      1.2500568813228810E-01      4.2444429775742876E+00      1.2500568813347387E-01     -4.2444429775837955E+00      9.0564071558229187E-01      0.0000000000000000E+00     -5.7782604592637088E-01     -1.7851314345801010E+00     -5.7782604592327691E-01      1.7851314345690363E+00
  4     7.5401E-33      0.0000000000000000E+00     -2.1330437144586929E+00      0.0000000000000000E+00      0.0000000000000000E+00      0.0000000000000000E+00      2.1330437144414769E+00      0.0000000000000000E+00     -4.5221813887005773E+00      0.0000000000000000E+00      4.5221813886852509E+00
  5     1.3976E-32      0.0000000000000000E+00      3.8166318443925586E+00      9.7903012890502961E-01     -2.6793325951792810E+00     -1.0149749602891474E+00      7.7101667297539400E-01      1.0149749602865066E+00      7.7101667297672372E-01     -9.7903012890774810E-01     -2.6793325951787081E+00
  6     3.8033E-29     -1.6166521991022944E+00      0.0000000000000000E+00      0.0000000000000000E+00     -3.4542985302005400E+00      0.0000000000000000E+00      3.4542985301965521E+00      0.0000000000000000E+00      0.0000000000000000E+00      1.6166521990957836E+00      0.0000000000000000E+00
  7     5.1170E-29     -1.5851300485669140E+00      1.7279254031121840E+00      1.5851300485604398E+00      1.7279254031113678E+00      0.0000000000000000E+00      1.6688542334872414E+00      0.0000000000000000E+00     -3.7841953021511192E+00      0.0000000000000000E+00     -1.3405097375736941E+00
  8     1.5850E-26     -1.5451154373575489E+00     -1.5499804699409798E+00      9.1225447968596640E-01      2.3110767436155517E+00      0.0000000000000000E+00     -1.5221925473594651E+00     -9.1225447968818651E-01      2.3110767436189121E+00      1.5451154373510214E+00     -1.5499804699405204E+00
  9     4.7350E-24      9.8916843827816026E-01      2.7582111962727738E+00      9.8916843826959411E-01     -2.7582111962970766E+00     -9.8916843824744172E-01      2.7582111963489302E+00      0.0000000000000000E+00      0.0000000000000000E+00     -9.8916843826558742E-01     -2.7582111963061848E+00
 10     1.1468E-33     -6.0177579916350399E-01      7.0590945904127655E-01      6.0177579915149026E-01      7.0590945904112057E-01     -1.8997130241464262E+00      7.2859731304630493E-01      1.8997130241358062E+00      7.2859731304595621E-01      0.0000000000000000E+00     -2.8690135441789693E+00
 11     7.1478E-33     -2.0223809983480248E+00      0.0000000000000000E+00      0.0000000000000000E+00      0.0000000000000000E+00     -9.5392614890642169E-01      0.0000000000000000E+00      2.0223809983327015E+00      0.0000000000000000E+00      9.5392614888920568E-01      0.0000000000000000E+00
