  1     3.3971E-36      0.0000000000000000E+00      3.0165793501016305E+00      0.0000000000000000E+00     -3.0165793501188469E+00      0.0000000000000000E+00     -6.3953302514088985E+00      0.0000000000000000E+00      0.0000000000000000E+00      0.0000000000000000E+00      6.3953302513935748E+00
  2     1.4626E-35      1.0686895293029921E+00      4.1351450024854932E+00      0.0000000000000000E+00     -5.9789254209609002E+00     -1.0686895293059866E+00      4.1351450024856282E+00      0.0000000000000000E+00     -2.6600271005194185E+00      0.0000000000000000E+00      3.6866251648099890E-01
  3     4.0634E-35     -1.6732317236553795E+00      0.0000000000000000E+00      0.0000000000000000E+00     -4.6907308587943044E+00      0.0000000000000000E+00      0.0000000000000000E+00      1.6732317236488394E+00      0.0000000000000000E+00      0.0000000000000000E+00      4.6907308587898093E+00
  4     9.4134E-35     -1.0280965444090300E+00     -3.6882451775575271E+00     -1.0453039309017522E+00      1.0645978256770980E+00      1.0453039308989087E+00      1.0645978256772834E+00      0.0000000000000000E+00      5.2472947037468787E+00      1.0280965444061787E+00     -3.6882451775576217E+00
  5     1.3482E-34      0.0000000000000000E+00     -5.6172241232006899E+00     -1.0985947618634349E+00     -1.3571134355058450E+00      1.0985947618604339E+00     -1.3571134355057750E+00      0.0000000000000000E+00      5.8859773022006836E+00      0.0000000000000000E+00      2.4454736919886417E+00
  6     3.8634E-34      9.3495591659687260E-01     -3.0955411227512872E+00     -1.5902172228683353E+00      2.0674108670559708E+00      0.0000000000000000E+00      2.0562605113837469E+00     -9.3495591659955779E-01     -3.0955411227511012E+00      1.5902172228618741E+00      2.0674108670559694E+00
  7     1.3628E-33      1.0279756153956032E+00      3.7990342643192259E+00      0.0000000000000000E+00      0.0000000000000000E+00     -1.0279756153985704E+00      3.7990342643193253E+00      1.0279756153956705E+00     -3.7990342643255897E+00     -1.0279756153986372E+00     -3.7990342643256860E+00
  8     4.3188E-30     -1.6515889989556078E+00      2.3227642866784080E+00      0.0000000000000000E+00      2.3021458506651045E+00      0.0000000000000000E+00     -1.8583431329654359E+00      1.6515889989490695E+00      2.3227642866782188E+00      0.0000000000000000E+00     -5.0893312910710140E+00
  9     8.7449E-27      1.9320278694218598E+00     -9.4967459786672082E-01     -6.1128635216211635E-01     -9.4092687393338392E-01      0.0000000000000000E+00      3.7812029435952450E+00      6.1128635214970151E-01     -9.4092687393331331E-01     -1.9320278694321300E+00     -9.4967459786628283E-01
 10     1.4148E-33      9.5392614888930916E-01      0.0000000000000000E+00     -9.5392614890652505E-01      0.0000000000000000E+00      0.0000000000000000E+00      0.0000000000000000E+00      2.0223809983329208E+00      0.0000000000000000E+00     -2.0223809983482441E+00      0.0000000000000000E+00
