  1     4.2059E-34      1.0406829132392690E+00      1.4227634448921931E+00     -1.0406829132453002E+00     -1.4227634448927491E+00      0.0000000000000000E+00      0.0000000000000000E+00      1.0406829132411253E+00     -1.4227634448959978E+00     -1.0406829132434392E+00      1.4227634448889490E+00
  2     4.8537E-34     -1.1211190428024980E+00      4.5058603199955094E-01      0.0000000000000000E+00      1.9689768777495034E+00     -8.9580190589999931E-01     -1.4350744708925052E+00      8.9580190590427178E-01     -1.4350744708797711E+00      1.1211190428003424E+00      4.5058603201218700E-01
  3     4.9234E-34      0.0000000000000000E+00      1.8958234917969201E+00      1.5761019324760017E+00      0.0000000000000000E+00      0.0000000000000000E+00      0.0000000000000000E+00      0.0000000000000000E+00     -1.8958234917991728E+00     -1.5761019324825241E+00      0.0000000000000000E+00
  4     1.0009E-33      1.4353117571991336E+00      3.8068278779574249E-01     -1.4353117572033474E+00      3.8068278778585884E-01      0.0000000000000000E+00      1.8494537499899402E+00      0.0000000000000000E+00     -5.0505009348433749E-01      0.0000000000000000E+00     -2.1057692320992447E+00
  5     2.1019E-33     -1.0748904658087279E+00     -9.4087935513284005E-01      1.1157545623756990E+00      0.0000000000000000E+00      5.1701318460514378E-01      1.8264626073000085E+00      5.1701318463845469E-01     -1.8264626072848400E+00     -1.0748904658162841E+00      9.4087935509371146E-01
  6     8.5189E-33     -1.4710277417099693E+00     -9.4614836419806203E-01      1.4710277417048283E+00     -9.4614836419415349E-01      0.0000000000000000E+00     -7.4108627515970382E-01     -8.9646138403150166E-01      1.3166915017728469E+00      8.9646138402858500E-01      1.3166915017728311E+00
  7     1.1105E-32      0.0000000000000000E+00     -1.6926964694775162E+00     -5.9427463762791499E-01      3.4768972023499956E-01      1.8399256147700951E+00      4.9865851450094362E-01     -1.8399256147800283E+00      4.9865851450424309E-01      5.9427463761608157E-01      3.4768972023306088E-01
  8     2.0969E-32     -7.5092312852240051E-01     -2.0043510193153926E+00      1.5535196952376944E+00      0.0000000000000000E+00     -2.5836719106201295E-02     -7.7139862886073829E-01     -2.5836719101555047E-02      7.7139862885320987E-01     -7.5092312851403642E-01      2.0043510193114713E+00
  9     2.2040E-26      9.5392614888963334E-01      0.0000000000000000E+00      0.0000000000000000E+00      0.0000000000000000E+00     -9.5392614890666461E-01      0.0000000000000000E+00      2.0223809983334395E+00      0.0000000000000000E+00     -2.0223809983491097E+00      0.0000000000000000E+00
 10     3.2427E-30      0.0000000000000000E+00     -2.4172076281986317E+00      0.0000000000000000E+00      1.1401598243463860E+00      0.0000000000000000E+00      2.4172076281832982E+00      0.0000000000000000E+00      0.0000000000000000E+00      0.0000000000000000E+00     -1.1401598243635989E+00
