  1     2.7143E-34      0.0000000000000000E+00     -2.6335396123549275E+00      0.0000000000000000E+00     -9.0117305487129251E-01     -1.2147540606991487E+00      5.7475939952199551E-01      1.2147540606963929E+00      5.7475939952446797E-01      0.0000000000000000E+00      2.3851938681626543E+00
  2     3.0131E-34     -1.0035011144297650E+00     -1.0485857787322084E+00      4.7528347541967481E-01     -2.3062078463715321E+00     -1.0035011144305070E+00      1.0485857787193329E+00      4.7528347541178573E-01      2.3062078463705356E+00      1.0564352780242425E+00      0.0000000000000000E+00
  3     3.7757E-34      0.0000000000000000E+00      2.2422420198571174E+00      0.0000000000000000E+00     -2.2422420198608224E+00      1.5767610352172892E+00      0.0000000000000000E+00     -1.5767610352236732E+00      0.0000000000000000E+00      0.0000000000000000E+00      0.0000000000000000E+00
  4     4.0202E-34      9.9766917128952159E-01      1.7347369971564197E+00     -9.9766917129240407E-01      1.7347369971557303E+00      9.9766917129038890E-01     -1.7347369971612336E+00     -9.9766917129326982E-01     -1.7347369971605469E+00      0.0000000000000000E+00      0.0000000000000000E+00
  5     4.6040E-34      0.0000000000000000E+00     -2.4117254075934138E+00      1.0458903960758716E+00     -5.0730565038369491E-01      9.2512485787432652E-01      1.7131683541728386E+00     -1.0458903960784074E+00     -5.0730565038277131E-01     -9.2512485787648369E-01      1.7131683541750233E+00
  6     4.9902E-34      0.0000000000000000E+00      8.8022854338425782E-01      0.0000000000000000E+00      2.5465916759857805E+00     -1.4792145148368643E+00     -1.2528782724612002E+00      0.0000000000000000E+00     -9.2106367445835269E-01      1.4792145148298788E+00     -1.2528782724653849E+00
  7     7.9026E-34     -9.9106110037231432E-01     -2.0853298291386722E+00      2.3260033624225115E-01      1.1303709739229986E+00      1.5169215282464856E+00      0.0000000000000000E+00      2.3260033623115559E-01     -1.1303709739301055E+00     -9.9106110035585337E-01      2.0853298291448477E+00
  8     8.2190E-34     -1.4938102122594146E+00     -1.0605074425650882E+00      1.4938102122533916E+00     -1.0605074425624668E+00      0.0000000000000000E+00     -9.5321258476646265E-01     -8.9312941776461663E-01      1.5371137349449877E+00      8.9312941776249177E-01      1.5371137349427932E+00
  9     8.3579E-34     -1.8582465092045688E+00      5.3204802679458862E-01     -5.9353460277912584E-01      4.4477642133401163E-01      1.8582465091941813E+00      5.3204802679310215E-01      0.0000000000000000E+00     -1.9536488962590586E+00      5.9353460276710690E-01      4.4477642133317674E-01
 10     1.9574E-33      0.0000000000000000E+00      3.1369741988333455E-01      1.0436387699066367E+00      1.8092008958018835E+00      0.0000000000000000E+00     -2.7622118169996916E+00     -1.0436387699100309E+00      1.8092008958006680E+00      0.0000000000000000E+00     -1.1698873945111110E+00
 11     3.5562E-32      0.0000000000000000E+00     -1.3490552972822776E+00      0.0000000000000000E+00      0.0000000000000000E+00      0.0000000000000000E+00      2.8600786361310133E+00      0.0000000000000000E+00     -2.8600786361463366E+00      0.0000000000000000E+00      1.3490552972650616E+00
 12     9.5179E-33      0.0000000000000000E+00      0.0000000000000000E+00     -2.0223809983481376E+00      0.0000000000000000E+00      2.0223809983328147E+00      0.0000000000000000E+00     -9.5392614890647476E-01      0.0000000000000000E+00      9.5392614888925931E-01      0.0000000000000000E+00
