  1     1.0969E-34      0.0000000000000000E+00     -7.0336537683564604E-01      1.3243679343474899E+00      4.8446866517309117E-01      0.0000000000000000E+00     -2.3487235197185981E+00     -1.3243679343506389E+00      4.8446866516848980E-01      0.0000000000000000E+00      2.0831515661980751E+00
  2     4.3675E-34      5.1575882083001268E-01      2.0283542258610665E+00      1.0683995216771178E+00      0.0000000000000000E+00     -1.0499585816803481E+00      9.9356976535743413E-01     -1.0499585816780159E+00     -9.9356976537887520E-01      5.1575882084604252E-01     -2.0283542258560985E+00
  3     5.2915E-34      0.0000000000000000E+00     -2.0484650050087270E+00      1.5755236189743944E+00      0.0000000000000000E+00     -1.5755236189808028E+00      0.0000000000000000E+00      0.0000000000000000E+00      2.0484650050054642E+00      0.0000000000000000E+00      0.0000000000000000E+00
  4     5.4385E-34      0.0000000000000000E+00      0.0000000000000000E+00     -1.0170173912614962E+00      1.5629436041584330E+00     -1.0170173912627731E+00     -1.5629436041627753E+00      1.0170173912594120E+00     -1.5629436041644074E+00      1.0170173912581386E+00      1.5629436041600602E+00
  5     7.6905E-34     -9.1154386977747559E-01     -1.5591387822490821E+00      9.1154386977693458E-01     -1.5591387822437148E+00     -1.0773376975364422E+00      4.7299574898614988E-01      1.0773376975342455E+00      4.7299574899051816E-01      0.0000000000000000E+00      2.1722860665045576E+00
  6     1.0183E-33     -1.5808771996935436E+00      0.0000000000000000E+00      9.0011172874750212E-01      2.0139457039439437E+00     -1.0967312890986862E-01     -9.0792615452384651E-01     -1.0967312891764645E-01      9.0792615451637970E-01      9.0011172876573176E-01     -2.0139457039383046E+00
  7     1.0431E-33      1.4831269876768030E+00      9.9212192210180827E-01     -1.4831269876825308E+00      9.9212192210462413E-01      0.0000000000000000E+00      8.4284221214940303E-01      8.9318170577943778E-01     -1.4135430281805856E+00     -8.9318170578179545E-01     -1.4135430281814669E+00
  8     1.2521E-33      1.4115425338218575E+00     -1.2511380120255644E+00      0.0000000000000000E+00     -7.2392401814870799E-01      0.0000000000000000E+00      8.4948463133003671E-01     -1.4115425338299938E+00     -1.2511380120190125E+00      0.0000000000000000E+00      2.3767154108467832E+00
  9     5.5078E-31      1.1112199833163572E+00     -1.5911952485417806E+00     -1.1112199833210361E+00     -1.5911952485388712E+00      0.0000000000000000E+00      1.0330204350954379E+00      0.0000000000000000E+00      2.5081776434476315E+00      0.0000000000000000E+00     -3.5880758148568315E-01
 10     1.4786E-27      5.9346886008808708E-01     -3.9338815947208433E-01      1.8490712439274184E+00     -5.1017461247723317E-01     -1.8490712439374977E+00     -5.1017461247944706E-01      0.0000000000000000E+00      1.8071255438980234E+00     -5.9346886010021105E-01     -3.9338815947346545E-01
 11     1.9169E-21      0.0000000000000000E+00      2.6108826421067808E+00      0.0000000000000000E+00     -1.2315133627621924E+00      0.0000000000000000E+00      0.0000000000000000E+00      0.0000000000000000E+00      1.2315133626928152E+00      0.0000000000000000E+00     -2.6108826420575593E+00
 12     5.2225E-32      9.5392614888932625E-01      0.0000000000000000E+00      2.0223809983329568E+00      0.0000000000000000E+00     -9.5392614890654170E-01      0.0000000000000000E+00     -2.0223809983482797E+00      0.0000000000000000E+00      0.0000000000000000E+00      0.0000000000000000E+00
