  1     8.8558E-35      0.0000000000000000E+00     -3.1401637281317480E+00      9.5465519369602569E-01      2.2072520119651000E+00     -9.5465519369885765E-01      2.2072520119662578E+00     -1.0129931158286412E+00     -6.3717014790729032E-01      1.0129931158256709E+00     -6.3717014790516868E-01
  2     1.6397E-34      0.0000000000000000E+00     -3.6923456422103058E+00      0.0000000000000000E+00     -1.7416228998264240E+00      0.0000000000000000E+00      1.7416228998092074E+00      0.0000000000000000E+00      0.0000000000000000E+00      0.0000000000000000E+00      3.6923456421949816E+00
  3     2.5811E-34      1.5925661875976225E+00      0.0000000000000000E+00      0.0000000000000000E+00      0.0000000000000000E+00      0.0000000000000000E+00      2.8657360532728942E+00      0.0000000000000000E+00     -2.8657360532770366E+00     -1.5925661876040780E+00      0.0000000000000000E+00
  4     3.6068E-34      5.1558955167267329E-01      3.1397105315584981E+00     -5.1558955167435350E-01     -3.1397105315664380E+00      9.7177286516364003E-01     -1.6658233661277286E+00      0.0000000000000000E+00      0.0000000000000000E+00     -9.7177286516192607E-01      1.6658233661191812E+00
  5     3.8675E-34      0.0000000000000000E+00      2.9352086161182095E-01      0.0000000000000000E+00     -1.5495214574945089E+00     -9.9972483858684358E-01      2.4043371091866721E+00      0.0000000000000000E+00     -3.5526736225162185E+00      9.9972483858451489E-01      2.4043371091854215E+00
  6     4.8276E-34      0.0000000000000000E+00      3.1706226132244439E+00      0.0000000000000000E+00      1.0992859770485779E+00      1.5484839502925076E+00     -1.4627416342846333E+00     -1.5484839502989072E+00     -1.4627416342857553E+00      0.0000000000000000E+00     -1.3444253217165789E+00
  7     2.3228E-33      0.0000000000000000E+00      1.2578415041699305E+00      9.0149687678722401E-01     -1.9354887950783866E+00     -1.5211862199151187E+00      1.3065680429891227E+00      1.5211862199088182E+00      1.3065680429895403E+00     -9.0149687678957258E-01     -1.9354887950765809E+00
  8     9.8704E-28      0.0000000000000000E+00     -1.3484747760772542E+00      1.0821159848366586E+00      7.8617982939098141E-01      0.0000000000000000E+00      3.2382239285380172E+00      0.0000000000000000E+00     -3.4621088112667664E+00     -1.0821159848389927E+00      7.8617982939436859E-01
  9     2.8470E-27     -2.3245899128243569E-01      3.2898413086777425E+00      7.7868001491373973E-01     -1.2858054383145019E+00      7.7868001490648475E-01      1.2858054383087716E+00     -1.0924420472567846E+00      0.0000000000000000E+00     -2.3245899128381933E-01     -3.2898413086829201E+00
 10     1.6507E-25     -9.7998776711875091E-01     -2.2654094378319836E+00      9.7998776711325475E-01      2.2654094378250860E+00     -9.7998776711609670E-01      2.2654094378171776E+00      9.7998776711964808E-01     -2.2654094378226199E+00      0.0000000000000000E+00      0.0000000000000000E+00
 11     6.4375E-33     -5.9707841429620967E-01     -5.8638515031923233E-01     -1.8813042163579747E+00     -6.2684539005615370E-01      5.9707841428418684E-01     -5.8638515031892313E-01      0.0000000000000000E+00      2.4264610807456024E+00      1.8813042163474074E+00     -6.2684539005551965E-01
 12     7.8426E-21      2.0223809984295835E+00      0.0000000000000000E+00     -9.5392614893628469E-01      0.0000000000000000E+00      0.0000000000000000E+00      0.0000000000000000E+00      9.5392614901499773E-01      0.0000000000000000E+00     -2.0223809987202199E+00      0.0000000000000000E+00
