  1     4.9825E-32     4.8893E-23      6.0894753786994299E-02     -1.1498206899314782E+00      0.0000000000000000E+00      0.0000000000000000E+00      9.6532655037821224E-01      6.2764674870048520E-01     -1.1116458250235979E+00     -3.0006557573905901E-01      2.9595850111797611E-01      1.1127463123441326E+00     -4.8451946884340402E-01     -6.6856760136251603E-01     -3.3673679250941718E-01      7.5388996932124752E-01     -1.0262213041752037E+00      5.2217394122321070E-01      8.2125626134328356E-01     -8.5322367968269308E-02      8.1568732389783927E-01     -8.1268073661507056E-01
  2     5.6388E-32     2.7048E-23      5.6435222715730138E-01     -5.3836510467430203E-02     -9.5989471641166946E-01     -7.0210141890826405E-01     -1.0652041211972927E+00      5.8032425377545727E-01      1.1965404417632899E-01      5.5414322685223738E-01      9.5989471640823787E-01      7.0210141890744215E-01     -2.3037049210114044E-01      1.1909515085411968E+00      2.3037049208567673E-01     -1.1909515085494886E+00     -5.6435222715236766E-01      5.3836510465864719E-02     -1.1965404417492691E-01     -5.5414322685233530E-01      1.0652041211872683E+00     -5.8032425379049490E-01
  3     6.4639E-32     3.9609E-23      9.9924632947187420E-01      4.8692990016719778E-01      3.5316564350135982E-01      9.5946996963229891E-01      4.4509598878365686E-01     -1.0185693473789357E+00     -4.4509598878752393E-01      1.0185693473742394E+00     -3.5316564350566765E-01     -9.5946996963614695E-01      1.0951445295306486E+00     -4.0310529223849828E-01     -9.9924632947758907E-01     -4.8692990017258125E-01     -1.0951445295366895E+00      4.0310529223567010E-01     -3.2733877404748024E-01      1.2048819914639365E-01      3.2733877403894929E-01     -1.2048819915130275E-01
  4     9.7538E-32     1.4383E-22      9.6648147075101498E-01     -4.3056833206413786E-01     -5.6943324582073790E-03      2.7003435002975501E-01     -9.4747120872617396E-01     -4.7092868942258109E-01      9.4747120872031598E-01      4.7092868942741539E-01      1.7359664654013250E-02     -8.2322305491568193E-01     -9.6648147075102619E-01      4.3056833206758366E-01      5.6943324589885319E-03     -2.7003435005490461E-01      2.9890704067398390E-02     -1.4174649802945150E+00     -1.7359664657046883E-02      8.2322305489332281E-01     -2.9890704074930722E-02      1.4174649802761088E+00
  5     1.1923E-31     4.7816E-23     -6.4904197427155463E-01     -1.9659278908420719E-01      6.4064032935993798E-01     -2.2245039325665203E-01      4.0953164510411549E-01      5.4054420791528213E-01     -3.8753585322213940E-01      5.5652508616820262E-01      1.1877169622335073E+00      3.5975576234394113E-01     -7.4942407543001033E-01     -9.8917103986611321E-01      7.0917278789635740E-01     -1.0184153120605886E+00     -1.1723423384909595E+00      4.0707398875077216E-01      2.4876663794919630E-02      1.2407566008358033E+00     -1.3594147004086236E-02     -6.7802611177635208E-01
  6     1.2288E-31     4.5685E-23     -3.2154583633009032E-01      1.0038522731191712E+00      0.0000000000000000E+00      0.0000000000000000E+00     -1.0444373499661688E+00     -1.4234371469167481E-01      9.3276565293326619E-01      4.9097795043384601E-01     -7.0858865201015131E-01     -7.8039299930255879E-01     -4.1183448695311826E-02     -1.0532877264402665E+00      6.4549194796652853E-01     -8.3333742038998415E-01      1.0301344883306325E+00     -2.2345927382622122E-01      3.9894540199003126E-01      9.7568113507205034E-01     -8.9158220424756363E-01      5.6230977599681176E-01
  7     1.3024E-31     4.6271E-23      5.9661641015400757E-01     -8.3366877199673262E-01     -8.3996852927771870E-01      5.8771390326475570E-01      0.0000000000000000E+00      0.0000000000000000E+00      4.2367012980650071E-01      9.3351935350791238E-01     -2.9290777491395864E-01      1.0703405272089017E+00     -1.0202865399710570E+00     -9.9850581519429701E-02     -7.8048819981340600E-01     -7.8883583764646248E-01     -8.8990905755473318E-02     -1.0212910363694956E+00      9.2895943502494238E-01      4.3357713309419110E-01      1.0733959747174167E+00     -2.8150468957238778E-01
  8     1.3825E-31     9.7947E-23      4.6677494408442807E-02     -8.2587898215976296E-01     -8.7424801336571745E-01      9.4113416169510511E-01      6.6035742036964040E-01     -2.6787597381893902E-01     -4.6677494414759060E-02      8.2587898215352795E-01     -7.6263613218803106E-01     -1.0336485036428757E+00      8.7424801336175006E-01     -9.4113416170311248E-01     -6.2596851659969566E-01     -3.4057726908322000E-01      6.2596851659734187E-01      3.4057726907324554E-01     -6.6035742037167766E-01      2.6787597380886247E-01      7.6263613217962867E-01      1.0336485036351863E+00
  9     1.9210E-31     1.7710E-21     -9.9058018458267205E-01     -4.5898192006859129E-01      9.7800089637996135E-02      1.0873585643602441E+00      0.0000000000000000E+00      0.0000000000000000E+00      5.9310229409011206E-01      2.7481190718380588E-01      1.1879246092773572E+00      5.5042078023200103E-01     -1.1728392618151162E-01     -1.3039832795643671E+00     -5.3454523995091197E-01      3.7623570015573343E-01      8.9278009495606081E-01     -6.2837664428026874E-01     -5.8557054164441763E-02     -6.5104760736478018E-01     -1.0706406830863067E+00      7.5356249934190389E-01
 10     1.2026E-30     3.5927E-23      1.0908597726629352E+00      3.6747319594307437E-01      3.6645428879941983E-01     -9.8990238540904152E-01      9.4916782338863748E-01     -4.6181806099280637E-01     -3.6645428880385028E-01      9.8990238540580511E-01      2.5837591120974945E-01      2.3415325098457632E-01      4.7273829086823282E-01      1.0495380420439460E+00     -2.5837591122110282E-01     -2.3415325099541820E-01     -9.4916782339185968E-01      4.6181806098824002E-01     -1.0908597726716798E+00     -3.6747319594734434E-01     -4.7273829087301228E-01     -1.0495380420527425E+00
 11     3.8905E-29     1.0517E-23     -4.9652437203112310E-01     -1.0535987041031771E+00      9.5444940346302332E-01      9.1704658097722014E-01      1.0307965710319071E+00     -7.3411981872137844E-01     -6.9234804418443419E-01      1.0593052746041820E+00      5.7306292340600651E-01     -1.8009599561422215E-01     -1.5705540795066203E-01      5.7980106989575564E-01     -7.4719701965558671E-01      1.5659343883546215E-01     -1.0725960537803194E+00     -4.5403126183509662E-01      4.8079792347732525E-01      4.6195648534770489E-01      1.2661407618729831E-01     -7.5285706942278074E-01
 12     3.8723E-28     2.8766E-23     -5.1817898144539909E-01     -4.3735981307439536E-01      1.1500657565527590E+00     -1.2671681862381745E-01     -8.4203951766851315E-01      7.7915140040186559E-01      8.0630562507057690E-01      6.8054801543206866E-01      6.8245860725026405E-02      1.1550112116382742E+00     -1.1821727977917444E+00     -8.9023756450478636E-02      3.2980643344126798E-01     -2.1076147705872639E-01     -2.8631429316168294E-01     -1.1504268245238263E+00     -1.5237386031229574E-01      3.6052030517520040E-01      6.2665577456582833E-01     -9.6094224294143649E-01
 13     4.2644E-28     2.3478E-23      5.8851407549966317E-01      1.0043922731723463E+00     -2.1159737693692449E-01      6.0501738815318284E-01      6.2125112428218132E-01     -1.1252484166010663E+00     -9.3233192652919983E-01      1.4272780961048967E-01      4.6149805069069416E-01     -4.4479100609844074E-01     -2.5940300329841176E-01     -9.0682089231854757E-01     -9.4851298313994192E-01     -6.0814883505957140E-01      2.8551712391973999E-01      1.8306223466130811E-01     -7.6328841131375347E-01      1.0341797520893312E+00      1.1583533268027071E+00      1.1562969236289701E-01
 14     4.9367E-28     3.7783E-23      9.7318984986653800E-01     -8.4785829159040005E-01      1.0339008646789498E+00      4.6577089901215613E-01      1.8727953489622345E-02     -1.1300169603627384E+00     -1.1168989063011709E+00     -1.7270176621581781E-01     -1.0002687593291260E+00      8.1573560398927936E-01      5.7418552585940996E-01     -3.0324759224714631E-01     -5.1814725444416943E-01     -6.1465851902336499E-01      2.8415776999150105E-01      1.0977922800348612E+00     -3.9600943015885132E-01      5.1461116538331764E-01      1.4716238632474687E-01      1.7457318100074726E-01
 15     5.7194E-28     7.5988E-24     -1.0689427457681362E+00     -5.0209012157239863E-01     -1.0118603269753681E+00      6.5163265523519076E-01     -2.9346079559450672E-01     -1.1439466094884874E+00     -4.8256185661135692E-01     -2.4693536930382514E-03      1.0537283112192279E+00      5.6618964068482935E-01     -1.7397451690167534E-01      6.8024057408340322E-01      3.5927438241830223E-01      1.1409802720570885E+00      8.2926427868962227E-01     -8.7224262379519957E-01      8.7763546610700863E-02     -4.7452039266224222E-01      7.0076972288018191E-01     -4.3774040883761217E-02
 16     1.0366E-27     9.2606E-23     -7.6826827591269076E-01     -6.4710342699422485E-01      8.3670032311224629E-01     -5.2489729662488938E-01      9.8523004339807663E-01      7.0045444408645186E-02      3.7397216124596366E-01     -9.3226810071355071E-01     -3.7397216125741617E-01      9.3226810070486921E-01      7.6826827590735913E-01      6.4710342698758982E-01      2.4593006379137589E-01      9.8508437218766787E-01     -8.3670032312136289E-01      5.2489729661311191E-01     -9.8523004340364484E-01     -7.0045444419235700E-02     -2.4593006380049071E-01     -9.8508437219289458E-01
 17     1.0611E-27     1.1128E-23      1.0664030763332648E+00      4.1866362058276063E-01     -9.4929461176846752E-01      7.6239640614139847E-01     -1.1605250359640504E-02     -1.0660125418005479E-02     -9.0637141061395243E-01     -2.8598753300617900E-02     -1.8894218467117899E-01      8.0149420201620114E-01      5.0752852686769834E-01      1.0270878944024826E+00      7.8259939637592324E-01     -2.5618409358587602E-01      6.7920717465335534E-01     -1.0104880770847713E+00     -8.7421958314662496E-01     -8.0302364104925583E-01     -1.0530513370009169E-01     -9.0068743273395546E-01
 18     1.2434E-27     1.7091E-23      8.9334580200464242E-01      4.5106172700582364E-01      4.6858627919059169E-02     -6.5895641908347369E-01     -8.5586373353308576E-01      7.9432426262049172E-01      4.2929150420721335E-01      1.1765380119646514E+00     -2.2681865849805724E-01     -1.9592702990046430E-02     -6.6834256434500625E-02      6.5723091484289842E-01      9.5746169311417828E-01     -2.9118810031303549E-01     -1.0951536793231047E+00     -9.4599892736303148E-02     -7.0697427228363507E-01     -9.2932294865531873E-01      6.2468697280117969E-01     -1.0854948526877006E+00
 19     2.8345E-27     1.7191E-25      4.0708008522630384E-01      1.1724269578566273E+00     -1.0686229313813158E+00     -1.7382496810156126E-01     -1.7284725573474688E-01     -1.0805868950058482E-01      1.9312476832494002E-01     -1.1688782456363702E+00     -6.2430558975627315E-01     -8.8454090895187998E-01     -2.1569913514339806E-01      7.0840936227087292E-01      5.4237492882873151E-01     -5.0418188983048906E-01      1.2322861627921389E+00     -1.4754653601776616E-01     -9.6621569172241895E-01      6.8556601894167679E-01      6.7282465853687967E-01      4.2062889894064381E-01
 20     1.3623E-26     3.9447E-23     -1.0332600995259857E+00      5.3397531044459845E-01      8.7532337239762048E-01     -7.6587535484585600E-01      3.9618452343788101E-02      6.4604132721280338E-01      5.8663505465795929E-01      2.7349283514682293E-01     -1.8871998368152193E-01     -1.1464971574315357E+00      1.6294084711527487E-01     -4.4843027444455036E-01     -2.2787057356932844E-01      1.2643850375182104E+00      1.2599824863165376E+00      2.5107499989084919E-01     -4.7694853642033197E-01     -1.2630293392856536E-02     -9.9770101966200275E-01     -5.9553643012353807E-01
 21     1.5455E-26     5.9379E-23     -1.6759309804270783E-01      1.0303748524576155E+00     -7.6744783415224560E-01      3.1465521194268087E-01      5.6794140581040231E-01      7.8604438773905860E-01      9.8450964187893386E-01     -1.0222012162390650E+00      5.3973040685960549E-01     -6.2982153698536003E-01     -1.2796479738338955E+00      6.1372275866861759E-01      1.0308829535334745E+00      1.6443880077898684E-01     -6.5167106643941874E-01     -9.0192822567080799E-01      8.7299449845170032E-02     -3.3345752274189061E-01     -3.4400388548402583E-01     -2.1827509960275809E-02
 22     1.9175E-26     3.8233E-23     -1.7982046490212364E-01     -6.3719187103735719E-01      7.7271014780525016E-01     -5.5316776893940012E-01     -4.1337399909992056E-01      3.6675787547471084E-02      1.6740714223357784E-02      6.4198579144992984E-01     -2.1240884916046440E-01      1.2752125180763445E+00      2.3040332236562788E-01     -1.2240942288385570E+00     -1.0471443656504718E+00      5.0772984950050959E-01      5.9180673141587492E-01      3.4167203455381756E-01     -1.0239363143013673E+00     -5.8527761675482537E-01      1.2650230772782278E+00      1.9645550441591403E-01
 23     3.6246E-26     2.6174E-23     -3.7290447329184950E-01     -1.0924333471898415E+00      7.8649930487084485E-01      7.6541064700068906E-01     -4.1069557757470183E-02      4.3458820068025850E-01     -1.1322583753546241E-01      1.1981286264596456E+00      1.1863975658477881E+00     -8.8915150182578159E-02      4.2596147517223182E-01     -2.1625401686501317E-01      5.7095001128159950E-01     -1.0032369854784546E+00     -3.7790938985547590E-01     -2.9222161306616962E-01     -1.1487378730893067E+00     -3.0959067688947073E-01     -9.1596122567048865E-01      6.0452431550303587E-01
 24     5.4355E-26     7.8058E-23      4.6235737447945396E-01     -1.1904289979052358E+00     -5.5546510495860757E-01      4.4153075018562432E-01     -8.6067191913354513E-01     -4.3191874978032951E-01      7.8281309993786630E-02      5.6605678816831650E-01      5.0141779561941879E-01     -5.0206680872338361E-01     -1.2350166878029318E+00      3.2500664860681472E-01      1.2351110769867257E+00      2.9369370236187625E-01      5.5360021966356610E-01      1.4168644153744947E-01      1.5237684499602147E-01      1.2603716358322408E+00     -3.3199090987630070E-01     -9.0393141031547286E-01
 25     6.3755E-26     6.2112E-24      1.5785366218137792E-01     -4.2107635233661916E-01      6.6896499087866712E-01     -9.9512960496515224E-01      8.8428445909027642E-01      8.0983830802554668E-01     -1.2070669901164612E-01      1.1200628018888252E+00     -1.0911648005730767E+00     -4.3704685919097780E-01     -4.8964246156724611E-01      5.8410763890617258E-02      2.5247700846883692E-01      3.7212690480222355E-01     -9.5773445209443298E-01      6.8146555196325098E-01     -3.8080047607239098E-01     -1.0602366646188452E+00      1.0764687686720162E+00     -1.2841484948689885E-01
 26     1.5824E-25     2.7086E-24      1.2121574252206369E+00      4.9963529262556183E-01     -9.6214174389991214E-01      4.9616202703045670E-01     -1.0709424743244103E+00     -4.4142835362822752E-01      2.9072405226527355E-02      6.3580030999607173E-01      5.9731948816229430E-01      2.4620720960317430E-01     -3.2708859130207973E-01     -1.3482160042415575E-01      4.6864775796083841E-01     -4.3064662763931905E-01     -2.8565667268088574E-01      1.2408724496543027E+00     -3.3306575413039791E-01     -1.0300294635847957E+00      6.7169815974024016E-01     -1.0817512436638606E+00
 27     1.6348E-25     1.6411E-25      2.1273811372528920E-01      6.5807386580048055E-01     -5.3230124360144615E-01     -4.1199527597670421E-01     -1.0737660288001798E+00      6.2251186794663871E-01     -1.2008620329362589E+00     -3.7176517438163004E-01      1.3445281486738608E-01     -1.2378965902335304E+00      8.3565288574795860E-01      9.1722335142773959E-01      6.4920172980719537E-01     -2.1815385166475543E-01      1.0218569622054528E-01     -5.1934878978830235E-01     -4.0235874870940930E-01      5.6642376832594021E-01      1.2750568136278992E+00     -5.0731714821438002E-03
 28     2.2563E-25     3.6358E-23     -6.9476754955868825E-01     -1.0807303872160616E-01      6.1967916169669834E-01     -7.8692068813264682E-01     -1.2616698093520680E+00      2.7792379974245118E-01     -5.5570480010662116E-01      8.3332983145283890E-01      8.9036239734160161E-01      6.4589868626902436E-01     -1.2742371472145392E-01     -1.2856187394498784E+00      1.7142344706386881E-01      1.2435630658293319E-01      1.0870573866150564E+00     -1.5567700242819674E-01      1.8943296718794381E-01      1.0816858332344010E+00     -3.1838948619183360E-01     -6.2690498857706423E-01
 29     2.5230E-25     3.9272E-23      2.0731057784300469E-01     -6.5329585213591335E-01     -5.6469450455190662E-01      1.0353203332862876E-01     -4.1421940361002635E-01      1.0068527501893338E+00     -1.2412882993086849E+00      2.2757986936449173E-01      1.0875068896858298E+00     -1.9938532894819791E-01      3.4259913371739298E-01     -1.2833557954406964E+00      1.2606687065520428E-01     -2.3113310574029444E-02      7.7559708693964180E-01      1.0783438332921764E+00     -7.4446724483623061E-01     -7.9441720541801142E-01      4.2558889343623763E-01      5.3725900630445911E-01
 30     3.1246E-25     1.5499E-22     -1.3369176650484578E+00     -3.1531186872755862E-01     -2.3064229495270521E-02      7.6571421861948641E-01      2.8904972829942516E-01     -2.4994483895467212E-01      4.5396357384332192E-01     -1.0426226115507025E+00     -2.9775398464634167E-01      2.5747151596479229E-01     -7.6102457364801379E-01     -8.7703030822936637E-02      1.0972305276240149E+00     -2.9871391955408350E-01      8.8071327956845635E-01      5.5415976876889894E-01     -4.2123135557304586E-01     -9.5147941397709246E-01      1.1903469903411242E-01      1.3684301801894811E+00
 31     4.1684E-25     5.1361E-23     -4.1956672808838952E-01      1.2302735561838003E+00     -3.9781618602323536E-02      6.5482897808554164E-01      8.8753724693976355E-01     -9.4083661097435201E-01      1.7406161364708795E-03     -8.4285161365953709E-01      1.0881927122864414E+00      6.2746800785281520E-01     -7.4494861312516492E-01      3.7889317423025493E-01      4.5635923424955704E-01      2.9273686135269372E-01     -6.9171036035534994E-01     -8.6429087659430148E-01      5.6978512722680852E-01     -3.2142315833610535E-01     -1.1076076166977145E+00     -2.1479831817261286E-01
 32     4.5933E-25     4.3017E-23     -1.0519663826567638E+00      4.8097208360153132E-01      3.9030060302619782E-02      1.1514119817952173E+00      2.6126011693382545E-01     -7.3597512162347334E-01      1.1594454999803545E+00      7.2299376297958640E-01      6.8573551273437328E-01      3.3272381553226693E-01     -4.4392804281195070E-01     -4.0049622181376943E-01     -1.1027621212062804E+00     -5.7289299345527878E-01      4.1445221311492575E-01     -1.3223002621824693E+00      3.4129066373163625E-01     -1.3466960161213948E-01     -3.0255752016185944E-01      4.7823255673241716E-01
 33     5.8774E-25     2.9999E-23     -1.1057092964653994E+00     -5.7843350429890061E-01      2.4870104864139289E-01      1.2177167288496153E+00     -4.7196169849265740E-01     -2.4689894528854509E-01     -5.5729334628324245E-01      3.8229189562407545E-01      1.1421307439830046E+00     -4.9012611333657147E-01      4.0898135084801496E-01     -1.1982033092861508E+00      6.8927882196603485E-01      9.2697712196104076E-03     -3.7688879686697246E-03     -6.7580231039933636E-01      4.0068783543475889E-01      5.6092823212591225E-01     -7.5104657167945532E-01      1.0192575547593661E+00
 34     5.9132E-25     8.6213E-23      9.5668635257072621E-01     -6.7924882807892584E-01      9.3328632508832710E-01      7.1704033417757507E-01     -7.3639158501582203E-01     -8.0952087666844308E-01     -1.2890055538771816E+00      3.5152834855540917E-02      1.3009504843391070E-01     -1.1249677025753622E+00      6.8716339615724442E-01      4.1556426656111117E-02     -5.0025789335952121E-03     -3.0804268441285454E-01     -1.8443734643656420E-01      6.6857848815159471E-01     -6.3304863415403556E-01      2.0058856787421497E-01      1.4065457613200349E-01      1.2588634399837979E+00
 35     1.0692E-24     9.4692E-24     -4.8263425982594449E-01     -1.1602450133718709E+00      3.2312217193809201E-01     -8.9772318674376395E-01      9.2816863628900875E-02      7.5185182568768782E-01     -9.8812439474399294E-01      7.2389556548919509E-01     -5.3859266310213338E-01     -4.7878810548659911E-01      7.3347481319805041E-01     -1.6235382053284858E-01      3.8222318727245269E-01      2.7169687067320475E-01     -6.7971936835927382E-01      1.2180327562033201E-01      1.2554423745722616E+00     -5.1398217516827249E-01     -9.8008724591002072E-02      1.3438447638009496E+00
 36     1.4834E-24     1.5561E-22      1.1874493498811187E+00     -1.6605263582721402E-01     -4.2350719881953158E-01      6.3058579799820369E-01      5.3910489458639999E-01      1.0440759856488384E+00     -5.8669544270297191E-01      1.2278093757213553E+00      2.3201877137181337E-01     -1.1519097364475999E+00      4.2220327245777228E-01     -4.5155207728359836E-01     -5.8024068623806446E-01     -4.9022193152432464E-01     -9.0099653359343534E-01     -1.0197708821546432E+00      5.2987509925110121E-01      3.1841366329604248E-01     -4.1921152621948321E-01      5.8622440519720313E-02
 37     1.5579E-24     5.9295E-24     -1.1069167793463472E-01      1.1243271622751179E+00      2.8718812521808817E-01     -1.1718747912976406E+00     -1.1715242463618158E-02      2.3612616108906656E-01     -1.2784536522557750E+00      3.6644743137263031E-01     -6.4628412323140050E-01      2.4610428789197580E-01      1.1936058063237120E+00      5.9863783055596043E-01     -8.5989893285330160E-02     -5.4402643747704205E-01     -8.6648231605545945E-01     -7.3856853549039281E-01      9.2684372780802837E-01     -4.8634688542441334E-01      5.9197924583517492E-01      3.6917377647961680E-01
 38     2.7256E-24     9.6211E-24      5.2005914931653452E-01     -3.8677681310220324E-01      5.2447224491693023E-01      2.9238546556330447E-01     -1.2596591814633817E+00     -1.6354473325784458E-01      1.0478919800798145E+00     -7.7933504500125483E-01     -2.0581921799127359E-01      1.2534458834355928E+00     -1.2911165950937289E-01     -5.8642184095973493E-01     -2.3760279718134306E-01      5.8219374769718446E-01     -6.2593943499788618E-01      6.0037261935618091E-02      9.1759936336872439E-01      8.5194422456004715E-01     -5.5189044657620789E-01     -1.1239281509114436E+00
 39     3.8388E-24     4.3510E-23      5.2730243933604015E-01      8.1634401331498063E-01     -1.2734210714152483E+00      1.5252350893564856E-01     -7.7099260151726423E-01     -3.1542428784085919E-01     -2.7796968131431771E-01     -6.5827749876459341E-01      4.3146804329526345E-01     -5.6958909463808682E-01     -1.0649949634523383E-01      8.5191250302192323E-01      1.1966835108286893E+00      4.6131683334843826E-01      8.2491544969848718E-01     -1.1591623620166931E-01      1.6055332661498611E-01     -1.2843007812874245E+00     -7.1203991922500165E-01      6.6141104007989604E-01
 40     4.5241E-24     8.5023E-23     -3.8274348845457729E-01     -2.2503109870212212E-01      1.1895834343912697E+00     -3.7887255419502719E-01      7.2141523152909215E-01      3.5403605469675414E-01     -1.9871263366195618E-01     -1.3775069812364638E+00      4.6973796610359009E-01     -3.9032770173431908E-01      5.2140598433688334E-01      1.0530384059403850E+00     -7.1429830033434982E-01      2.2936029450695417E-01     -1.2205350666972963E+00      6.0162840175301935E-01     -2.4181809697098602E-01      9.0499349800703344E-01     -1.4403503026585032E-01     -7.7131831906997161E-01
 41     5.9569E-24     3.1760E-22     -2.5605051118923144E-01      1.4249503108933446E+00     -2.2357389073392328E-01      3.3788190149923175E-01      3.2129229722343128E-01     -1.0562370250949931E+00     -3.6606781888018902E-01     -1.5931625018120169E-01      1.1677257245709931E+00     -1.7366102929926797E-01     -6.4941461903673914E-01     -5.9633040874061505E-01     -1.9813125097811615E-01      8.5645505368711683E-01     -1.0200558103828243E+00     -1.0289471955912501E+00      7.6671660872757286E-01      6.6831248229360551E-01      4.5755927064112478E-01     -2.7310783953636530E-01
 42     6.8017E-23     2.3507E-22      1.3534394569263632E+00      2.6611472712453312E-02     -4.4787506217059063E-02     -8.2039064907975567E-01      1.0451458445417618E-01      3.0259939649567580E-01     -1.4201984627431574E-01     -1.3998355178877226E+00      7.5162266120567411E-01      1.4778485907487296E-02     -7.7001641735294904E-02      8.1799601768797603E-01      1.1632869077394527E-01     -2.9825715219436510E-01     -1.9693624051565797E-01      1.3931709267053920E+00     -9.4077742521340257E-01      3.9857434704182410E-01     -9.2438273343211153E-01     -4.3524732744150590E-01
 43     6.8163E-23     6.7854E-23      1.8516296350838587E-01     -6.3051865379226357E-01      1.1680421929151294E-01      1.0618742284084395E+00     -7.6639027302074936E-01      3.2958833852008823E-01     -2.4727158115441686E-01      1.6871089200070127E-01     -1.3129917415078936E+00      5.3469769256280675E-01     -7.7161832533404606E-01     -7.0775654725246817E-01      3.0345654782965659E-01      5.5170731982804776E-02      1.4019769748966238E+00      2.8633571738603675E-01      8.3806949426769350E-01      1.6626260441861565E-01      2.5280172117235977E-01     -1.2643650042578394E+00
 44     7.9109E-23     6.1697E-22     -5.7257301667252181E-02      6.2345938373836361E-02     -1.2063733704958985E+00     -8.9960263205933422E-01      6.3144314542125957E-01      7.2699796966211361E-01      9.4287826927778728E-01     -3.7232344633498515E-01     -7.7800440579718833E-01     -5.6741134852124098E-01      9.9881885315850594E-01      1.1256031730194311E+00      2.9046062386150517E-01      3.8265565015487152E-01     -4.0594402068746832E-01     -2.5690888018275504E-01      2.9089156602050098E-01     -9.7109540014724260E-01     -7.0691335918351006E-01      7.6973897595000051E-01
 45     9.5946E-23     1.2301E-22     -2.1554086074583975E-01      6.1719859409136579E-01      1.0986547755975244E+00      2.1180593992030022E-01     -5.3784221962895318E-01      8.7873676944836873E-02      3.1687121696338871E-01     -7.7527260415292509E-01     -6.6338619977032984E-02      1.2942759003005642E+00     -1.2414742427462568E+00      2.0283440423919413E-01      9.7411450789758192E-01     -5.5045889684625615E-01     -4.7481571824435692E-01     -1.2058610832727459E+00      5.4713864991352479E-01      6.3410904150783098E-01     -4.0076748906157666E-01     -5.1650497276977669E-01
 46     1.5477E-22     2.8116E-22     -2.0183807924907263E-01      9.7423524129493977E-01      4.0715073827831055E-01      8.9625549268673543E-01     -7.4838047357730419E-01      6.8229827495539941E-01      7.4838047356680293E-01     -6.8229827496579709E-01      8.6651305923732014E-01      4.8890493231546273E-01      1.0061967803377501E+00     -1.1477067509926468E-01     -8.6651305924223676E-01     -4.8890493232246796E-01     -1.0061967803439884E+00      1.1477067508849437E-01      2.0183807923772890E-01     -9.7423524130138328E-01     -4.0715073828630755E-01     -8.9625549269131832E-01
 47     1.6994E-22     5.3124E-22     -7.1673558602778842E-01     -4.8171841209622435E-01     -4.4399204467184811E-01     -4.5795481483108670E-02      9.7121070416417166E-01     -1.0955182892976399E-01     -2.1841430581813842E-01      3.8925743776307625E-01     -1.4637720714844720E-02     -1.0162035898086281E+00      8.2209457618612425E-01      5.9753201303658277E-01      6.4917768499503781E-01     -7.3062998050330819E-01     -1.1202702789477483E+00     -9.0103827757297716E-01     -1.9303952933407545E-02      8.6335965054123986E-01      9.0870923718299107E-02      1.4347884689724557E+00
 48     2.5595E-22     3.6159E-22     -1.1607200259258159E+00      4.2490054896463303E-01      7.5005336652330690E-01     -2.0362981903612373E-01      3.9088829070631065E-01      1.1726115295675452E+00     -6.5432247370950292E-01     -6.1792975246832353E-02     -3.0807635103430708E-01     -7.1353634651239539E-01     -5.9871594373659143E-01     -1.2492381272908606E+00      1.3501480087724007E+00     -3.1009197720897025E-01     -4.0379349808538373E-01      8.3792985000607934E-01      4.5602965386943589E-01      4.7327922643596310E-01      1.7850897257778583E-01     -3.7043190971592133E-01
 49     5.0236E-22     5.0225E-22      8.8076447824439841E-01      8.1720844307770074E-02     -8.8551521226320276E-02      4.0498272138881436E-01     -1.0115417003075222E+00     -6.1224257957187403E-02      1.4466346029151720E+00      9.7247503740952451E-02     -8.7025364449274623E-01      1.1547954339056230E+00      1.8075579339167594E-01     -1.2306694419874522E+00      2.4376339627243845E-01     -5.6550198262696105E-01      3.5019689383804592E-01      1.4595844467616484E-01     -6.4282111303740508E-01     -7.5615702559769893E-01     -4.8894718563457285E-01      7.2884776013136676E-01
 50     2.8832E-21     3.1202E-21     -7.3728428790373046E-01      6.5542037063759939E-01      3.7157860985566538E-01     -9.3891755972042545E-01      6.0527662780321533E-02      1.6219739586041143E-01      9.8104753038021242E-01      4.6110118158824695E-02     -7.7508788761817105E-01     -9.6270174090599825E-01     -3.6260997210811113E-01      3.7032582384659485E-01     -1.1439680901197766E+00      9.9192984982525334E-01      5.1227819986421308E-01      7.6681177369351275E-02     -4.1745241103510633E-01     -4.4326722302495813E-01      1.5109706458424395E+00      4.2221787942893753E-02
 51     3.1576E-21     3.2692E-21     -6.8204125940602567E-01      7.2091978863326101E-01      8.3488682420378646E-01      1.0692794283433631E+00      5.0925941080136317E-01     -1.2573978517781619E+00     -8.5375056882790257E-01     -5.0597982905484573E-01     -1.0490030340760199E+00      1.4681199990684968E-01      6.0472154396000832E-01      4.6673238986312843E-01     -5.0077021353119873E-02      9.3805557214762236E-01      5.3832694230654188E-01     -7.5340921282843309E-02      4.5335494097248635E-01     -6.1481425405699242E-01     -3.0567777861068224E-01     -8.8826632277562068E-01
 52     1.1968E-23     5.6272E-22      7.0631184712980677E-01      7.1607465473696408E-01     -2.6091562424659387E-01     -4.4509028770935255E-01      9.5566835617247314E-01     -2.1138381095197886E-02     -5.0284731494197943E-01     -1.4256208735789855E+00     -4.3931988638037511E-01      1.4464606232729125E+00     -3.5181736138545089E-01     -9.1108428229010630E-01     -2.4098021261026473E-01      4.5619169686739175E-01     -2.2887018573552079E-01      5.0623683015833792E-03     -3.1118853074820596E-01      9.2574927679310359E-01      6.7395891273077402E-01     -7.4660479539525759E-01
 53     8.7496E-21     9.4528E-21     -1.9742022083743641E-01      1.2356129959029320E-01     -1.4659163334672132E+00      5.3885220527262057E-01     -1.2532205941419075E-01     -1.2212426544101262E+00      2.1840074113242416E-01      8.0890386384545473E-02      1.5448041697399675E+00      2.2989665705285720E-01      1.0548466334676441E+00      1.6304297955375607E-01     -9.9974817303571717E-01      3.7388236638687944E-01     -5.9388599448163237E-01      2.3673142571079200E-01     -6.5346935944660914E-02     -6.3679503739609666E-01      6.2958817272574685E-01      1.1118037184352109E-01
 54     3.8794E-26     1.2376E-22     -8.8339670032014117E-01     -1.7425891490752018E-02     -1.4439990674664651E+00      2.7886123900344429E-03      3.8973783854760663E-01     -7.9296772256071235E-01     -1.5522818881781020E-01      1.2553765316142975E+00      5.8950422380202006E-01      2.1668664901962703E-01      9.4208054809441347E-02     -3.6160200070834819E-01      6.6485367045632426E-01     -1.2818387886420053E+00      1.1867151365553759E+00      4.3791918363948384E-01     -3.6452873191089891E-01     -8.2158189635432990E-02     -7.7866235694038763E-02      6.2322161634818962E-01
 55     1.2159E-22     3.2031E-22     -2.5790455137758428E-01      5.8079874246519703E-01      2.2985802335595190E-01     -7.3933111626340545E-02     -3.9541753739849123E-01     -8.8508196028428876E-01      5.1815121004558351E-01     -3.6791474611023417E-01     -4.7623273863813337E-01      9.5575832614128908E-01     -2.6902841655618744E-02      2.3995218899691756E-01      8.4239270546480360E-01     -6.5623633633715472E-01     -9.4590014017845336E-01     -2.1212739123749857E-01      1.2262782149272391E+00     -9.7678159392652075E-01     -7.1432234454423693E-01      1.3955658818952605E+00
 56     1.6497E-21     2.2496E-21     -6.8029203937013183E-01      1.1906078576779285E-01      1.5455102206003019E-01      4.6036252869931216E-01      3.1861531193152814E-01      9.0957860408334601E-01     -9.2392637255988667E-03     -9.6372381421595421E-01      5.5655785785830129E-03     -9.7405545959915901E-04     -1.0986345766080742E-02     -4.8548838966419228E-01      4.9848905836152491E-01      1.4131862699918265E+00     -1.2701021163523565E+00      2.2228594078063860E-01     -1.1095212096842668E-02     -1.4984871275083234E+00      1.0044940063441399E+00     -1.7580074256673658E-01
 57     8.6007E-22     1.0684E-21     -1.0576731657708536E+00     -1.4175105890995123E-03     -3.8283534896348292E-01     -7.9552556230845262E-01     -5.1753525168390234E-02     -3.9460877696542407E-01     -6.8527708780361762E-01     -1.2776511960136334E+00     -6.6515471478354871E-01      9.9796971607920093E-01      4.0832033220134634E-01      9.7567875924850112E-01      1.4429694410440062E+00      1.4084196068068822E-01     -2.7431857224331024E-01      4.1157586587631423E-01      3.8413658640466042E-01     -1.0408456749369255E-01      8.8158605501696885E-01      4.7221311433584510E-02
 58     1.0237E-30     5.9967E-22     -1.0043208635783714E+00      3.4952484707413012E-01      5.9164593672490506E-01     -2.0590526698857711E-01      1.4793080427088097E+00     -5.1483040545946657E-01      1.0043208635573557E+00     -3.4952484706953474E-01     -3.2537883911851007E-01     -9.3493998905139952E-01      3.2537883912521892E-01      9.3493998904595599E-01     -5.9164593674729715E-01      2.0590526699498449E-01     -1.4793080427280139E+00      5.1483040546193559E-01     -1.9662336646899661E-01      6.8429079379590488E-02      1.9662336644557557E-01     -6.8429079371759530E-02
 59     1.3174E-21     1.5522E-21     -2.4639682514747863E-01     -8.2423979313686557E-01     -1.7333783663872862E-01     -3.1120546526358106E-01     -1.1649098489437841E+00      8.9432991664056516E-01     -3.3624858668022234E-01      2.5814630271677552E-01      2.5586231664694487E-01      2.4784939405269865E-01      7.3260806238098453E-01      4.5096347850102786E-01      1.2286483101390975E+00      7.1317511190528371E-01      8.0846252959065013E-01     -6.2067655052535464E-01     -7.3312527043762399E-01      5.6283828537823344E-01     -3.7156285095875385E-01     -1.3711806803174764E+00
 60     1.5327E-22     2.7742E-21     -8.6841713771900342E-01      3.5174993293505163E-01      7.5614240856239112E-01      1.4172041159286217E+00     -7.8714474936625603E-02     -3.6002552853650405E-01     -1.9412156401055530E-01     -7.1390520805037605E-01      4.8044594105375003E-02     -1.9460328509352018E-02      3.5741809447130030E-01      6.4776240501689009E-01      5.3936341076162675E-01      1.0027105372514542E+00     -3.1047840227773132E-01     -1.0954197698723946E+00      1.9402240043170332E-01      3.1332037573130156E-01     -4.4325932948307412E-01     -1.5439365321205798E+00
 61     1.3421E-21     1.6402E-21     -5.5994295526007731E-01     -7.5650908429149599E-01     -1.9136380695356020E-01      4.9261997589990009E-01     -2.8696474960836205E-01     -3.7699941652890112E-01     -3.5615043627404008E-01      9.1682341673834766E-01     -5.4251980398561106E-01      1.3965864131464734E+00     -8.6799972524918112E-01     -1.1784885864270549E+00     -2.0986756844287111E-02      5.4025344827317537E-02      4.6620861615150083E-01     -8.4420695384849503E-02      1.4359266395106534E+00     -2.8350230564083861E-01      9.2379297845842556E-01     -1.8013506240373361E-01
 62     1.8591E-22     2.4504E-22      6.8704392404414605E-01     -3.1086511909548292E-01      6.5039358018592497E-01      4.7021667005159290E-01      1.3062867212805507E+00      6.8353826446745938E-02      2.4162619456316681E-01     -7.1434113553933032E-01      1.6751438412411596E-01      8.4762547387491938E-01     -8.6000989631359737E-01     -8.3144399101811386E-02     -5.3203869832466166E-01     -6.0087465365233139E-01     -1.0100621128514404E+00      5.5624209646883815E-01     -4.5396679862363154E-01      1.0599740031682823E+00     -1.9678729811694196E-01     -1.2931867626544771E+00
 63     2.0690E-24     5.0168E-21      1.7715400847558814E-02      4.8359303104518825E-01     -3.0094548339402245E-02     -8.2151761479498020E-01     -5.9567906275091051E-02     -1.6260780434192859E+00      5.8534824112239144E-03      1.5978770820684238E-01      4.3574392553151542E-02      1.1894888945559137E+00     -1.7715400849582962E-02     -4.8359303110248758E-01     -5.8534824132625675E-03     -1.5978770826507913E-01     -4.3574392555109025E-02     -1.1894888946082174E+00      5.9567906273184187E-02      1.6260780433715711E+00      3.0094548337404624E-02      8.2151761473961293E-01
 64     5.7990E-31     2.2898E-22     -2.1973349453572377E-01     -2.1330366464270586E-01     -1.0179795506098159E+00     -9.8819148685229352E-01      2.1973349451192442E-01      2.1330366461968689E-01     -4.8013634753183532E-01      4.9460958710766267E-01      1.0179795505930489E+00      9.8819148683550917E-01      4.8013634753522844E-01     -4.9460958710448238E-01      9.0791326394527705E-01     -9.3528141935922759E-01     -6.0849779928366432E-01     -5.9069196887131337E-01      6.0849779926393643E-01      5.9069196885190967E-01     -9.0791326394316108E-01      9.3528141936114273E-01
 65     9.0637E-22     9.9552E-22     -4.6161584393788535E-01      3.9406792090806536E-01     -5.1742800469111327E-01     -3.1724907190663659E-01      1.2734354058900779E+00     -9.9917733301040174E-02      4.8854059301027031E-01      1.1802327632171821E+00     -9.7150071454538167E-01      8.2934169559948412E-01      6.0508237492570982E-01     -4.7476659660027121E-02      2.9848577029478707E-01     -1.2419853184876775E+00     -1.0889610546786879E+00     -6.6767140705669958E-01      1.4182775031299397E-01     -5.9013863024678848E-01      2.3213372338555516E-01      5.6079644090046510E-01
 66     1.3961E-30     1.4409E-20      2.2121551383538471E-01     -1.4587713383015894E+00      7.4671012007837467E-01      5.9658020339629902E-01     -8.9000867157073049E-01      3.4837983149186857E-01     -1.3739407942570188E+00      5.3780741431864809E-01      1.1527252803437296E+00      9.2096392390503590E-01      3.8504783264062759E-01      3.0763198212832932E-01      0.0000000000000000E+00      0.0000000000000000E+00     -4.5894102783055679E-01      1.7964521364260702E-01      1.4329855145569081E-01     -9.4496003492483327E-01      7.3893195199873724E-02     -4.8727719576099199E-01
 67     2.7929E-21     2.8461E-21     -8.6691812898501208E-01     -4.9845054936450295E-01      9.9433338115738878E-01     -1.0630672671007128E-01     -7.4194708089010186E-01      6.7045844936814913E-01      8.6691812898006060E-01      4.9845054935714234E-01     -9.9433338116378078E-01      1.0630672669899871E-01      2.0616220979399719E-01     -9.7851783441231288E-01     -2.0616220980538047E-01      9.7851783440531170E-01      7.4194708087973527E-01     -6.7045844937899912E-01      4.0836961892526730E-01      9.1281666106083470E-01     -4.0836961893330415E-01     -9.1281666106568082E-01
